engine,track,schema_id,workload,input,sample_index,event_index,name,micros,working_set_before,working_set_after,peak_working_set_after
yune,track-a-comparison,luna_pinyin,startup_warm_shared_assets_runtime_ready,,0,0,runtime_setup,69,unavailable,unavailable,unavailable
yune,track-a-comparison,luna_pinyin,startup_warm_shared_assets_runtime_ready,,0,1,runtime_setup,12,unavailable,unavailable,unavailable
yune,track-a-comparison,luna_pinyin,startup_warm_shared_assets_runtime_ready,,0,2,runtime_initialize,12,unavailable,unavailable,unavailable
yune,track-a-comparison,luna_pinyin,startup_warm_shared_assets_runtime_ready,,0,3,schema_config_load,1708,unavailable,unavailable,unavailable
yune,track-a-comparison,luna_pinyin,startup_warm_shared_assets_runtime_ready,,0,4,schema_switch_options,3,unavailable,unavailable,unavailable
yune,track-a-comparison,luna_pinyin,startup_warm_shared_assets_runtime_ready,,0,5,processor_install,19262,unavailable,unavailable,unavailable
yune,track-a-comparison,luna_pinyin,startup_warm_shared_assets_runtime_ready,,0,6,schema_config_load,1671,unavailable,unavailable,unavailable
yune,track-a-comparison,luna_pinyin,startup_warm_shared_assets_runtime_ready,,0,7,compiled_table_load,40,unavailable,unavailable,unavailable
yune,track-a-comparison,luna_pinyin,startup_warm_shared_assets_runtime_ready,,0,8,compiled_prism_load,18,unavailable,unavailable,unavailable
yune,track-a-comparison,luna_pinyin,startup_warm_shared_assets_runtime_ready,,0,9,compiled_reverse_load,105,unavailable,unavailable,unavailable
yune,track-a-comparison,luna_pinyin,startup_warm_shared_assets_runtime_ready,,0,10,compiled_prism_parse,20,unavailable,unavailable,unavailable
yune,track-a-comparison,luna_pinyin,startup_warm_shared_assets_runtime_ready,,0,11,compiled_reverse_load,4,unavailable,unavailable,unavailable
yune,track-a-comparison,luna_pinyin,startup_warm_shared_assets_runtime_ready,,0,12,compiled_table_dictionary_parse,9967,unavailable,unavailable,unavailable
yune,track-a-comparison,luna_pinyin,startup_warm_shared_assets_runtime_ready,,0,13,compiled_table_compact_parse,321,unavailable,unavailable,unavailable
yune,track-a-comparison,luna_pinyin,startup_warm_shared_assets_runtime_ready,,0,14,translator_index_build,6,unavailable,unavailable,unavailable
yune,track-a-comparison,luna_pinyin,startup_warm_shared_assets_runtime_ready,,0,15,spelling_algebra_expand,343,unavailable,unavailable,unavailable
yune,track-a-comparison,luna_pinyin,startup_warm_shared_assets_runtime_ready,,0,16,translator_install,2908949,unavailable,unavailable,unavailable
yune,track-a-comparison,luna_pinyin,startup_warm_shared_assets_runtime_ready,,0,17,schema_config_load,1828,unavailable,unavailable,unavailable
yune,track-a-comparison,luna_pinyin,startup_warm_shared_assets_runtime_ready,,0,18,filter_install,1953,unavailable,unavailable,unavailable
yune,track-a-comparison,luna_pinyin,startup_warm_shared_assets_runtime_ready,,0,19,userdb_open_or_sync,51,unavailable,unavailable,unavailable
yune,track-a-comparison,luna_pinyin,startup_warm_shared_assets_runtime_ready,,0,20,session_create,2964969,unavailable,unavailable,unavailable
yune,track-a-comparison,luna_pinyin,startup_warm_shared_assets_runtime_ready,,0,21,schema_select,122,unavailable,unavailable,unavailable
yune,track-a-comparison,luna_pinyin,startup_warm_shared_assets_runtime_ready,,0,22,session_destroy,385,unavailable,unavailable,unavailable
yune,track-a-comparison,luna_pinyin,startup_warm_shared_assets_runtime_ready,,0,23,runtime_finalize,2,unavailable,unavailable,unavailable
yune,track-a-comparison,luna_pinyin,startup_warm_shared_assets_runtime_ready,,1,0,runtime_setup,24,unavailable,unavailable,unavailable
yune,track-a-comparison,luna_pinyin,startup_warm_shared_assets_runtime_ready,,1,1,runtime_setup,6,unavailable,unavailable,unavailable
yune,track-a-comparison,luna_pinyin,startup_warm_shared_assets_runtime_ready,,1,2,runtime_initialize,6,unavailable,unavailable,unavailable
yune,track-a-comparison,luna_pinyin,startup_warm_shared_assets_runtime_ready,,1,3,schema_config_load,1340,unavailable,unavailable,unavailable
yune,track-a-comparison,luna_pinyin,startup_warm_shared_assets_runtime_ready,,1,4,schema_switch_options,1,unavailable,unavailable,unavailable
yune,track-a-comparison,luna_pinyin,startup_warm_shared_assets_runtime_ready,,1,5,processor_install,14643,unavailable,unavailable,unavailable
yune,track-a-comparison,luna_pinyin,startup_warm_shared_assets_runtime_ready,,1,6,schema_config_load,1345,unavailable,unavailable,unavailable
yune,track-a-comparison,luna_pinyin,startup_warm_shared_assets_runtime_ready,,1,7,translator_install,2896,unavailable,unavailable,unavailable
yune,track-a-comparison,luna_pinyin,startup_warm_shared_assets_runtime_ready,,1,8,schema_config_load,1387,unavailable,unavailable,unavailable
yune,track-a-comparison,luna_pinyin,startup_warm_shared_assets_runtime_ready,,1,9,filter_install,1458,unavailable,unavailable,unavailable
yune,track-a-comparison,luna_pinyin,startup_warm_shared_assets_runtime_ready,,1,10,userdb_open_or_sync,15,unavailable,unavailable,unavailable
yune,track-a-comparison,luna_pinyin,startup_warm_shared_assets_runtime_ready,,1,11,session_create,23941,unavailable,unavailable,unavailable
yune,track-a-comparison,luna_pinyin,startup_warm_shared_assets_runtime_ready,,1,12,schema_select,110,unavailable,unavailable,unavailable
yune,track-a-comparison,luna_pinyin,startup_warm_shared_assets_runtime_ready,,1,13,session_destroy,313,unavailable,unavailable,unavailable
yune,track-a-comparison,luna_pinyin,startup_warm_shared_assets_runtime_ready,,1,14,runtime_finalize,0,unavailable,unavailable,unavailable
yune,track-a-comparison,luna_pinyin,startup_warm_shared_assets_runtime_ready,,2,0,runtime_setup,15,unavailable,unavailable,unavailable
yune,track-a-comparison,luna_pinyin,startup_warm_shared_assets_runtime_ready,,2,1,runtime_setup,6,unavailable,unavailable,unavailable
yune,track-a-comparison,luna_pinyin,startup_warm_shared_assets_runtime_ready,,2,2,runtime_initialize,6,unavailable,unavailable,unavailable
yune,track-a-comparison,luna_pinyin,startup_warm_shared_assets_runtime_ready,,2,3,schema_config_load,1318,unavailable,unavailable,unavailable
yune,track-a-comparison,luna_pinyin,startup_warm_shared_assets_runtime_ready,,2,4,schema_switch_options,1,unavailable,unavailable,unavailable
yune,track-a-comparison,luna_pinyin,startup_warm_shared_assets_runtime_ready,,2,5,processor_install,14464,unavailable,unavailable,unavailable
yune,track-a-comparison,luna_pinyin,startup_warm_shared_assets_runtime_ready,,2,6,schema_config_load,1304,unavailable,unavailable,unavailable
yune,track-a-comparison,luna_pinyin,startup_warm_shared_assets_runtime_ready,,2,7,translator_install,2915,unavailable,unavailable,unavailable
yune,track-a-comparison,luna_pinyin,startup_warm_shared_assets_runtime_ready,,2,8,schema_config_load,1310,unavailable,unavailable,unavailable
yune,track-a-comparison,luna_pinyin,startup_warm_shared_assets_runtime_ready,,2,9,filter_install,1383,unavailable,unavailable,unavailable
yune,track-a-comparison,luna_pinyin,startup_warm_shared_assets_runtime_ready,,2,10,userdb_open_or_sync,36,unavailable,unavailable,unavailable
yune,track-a-comparison,luna_pinyin,startup_warm_shared_assets_runtime_ready,,2,11,session_create,23439,unavailable,unavailable,unavailable
yune,track-a-comparison,luna_pinyin,startup_warm_shared_assets_runtime_ready,,2,12,schema_select,111,unavailable,unavailable,unavailable
yune,track-a-comparison,luna_pinyin,startup_warm_shared_assets_runtime_ready,,2,13,session_destroy,232,unavailable,unavailable,unavailable
yune,track-a-comparison,luna_pinyin,startup_warm_shared_assets_runtime_ready,,2,14,runtime_finalize,0,unavailable,unavailable,unavailable
yune,track-a-comparison,luna_pinyin,startup_warm_shared_assets_runtime_ready,,3,0,runtime_setup,13,unavailable,unavailable,unavailable
yune,track-a-comparison,luna_pinyin,startup_warm_shared_assets_runtime_ready,,3,1,runtime_setup,5,unavailable,unavailable,unavailable
yune,track-a-comparison,luna_pinyin,startup_warm_shared_assets_runtime_ready,,3,2,runtime_initialize,6,unavailable,unavailable,unavailable
yune,track-a-comparison,luna_pinyin,startup_warm_shared_assets_runtime_ready,,3,3,schema_config_load,1308,unavailable,unavailable,unavailable
yune,track-a-comparison,luna_pinyin,startup_warm_shared_assets_runtime_ready,,3,4,schema_switch_options,1,unavailable,unavailable,unavailable
yune,track-a-comparison,luna_pinyin,startup_warm_shared_assets_runtime_ready,,3,5,processor_install,14464,unavailable,unavailable,unavailable
yune,track-a-comparison,luna_pinyin,startup_warm_shared_assets_runtime_ready,,3,6,schema_config_load,1353,unavailable,unavailable,unavailable
yune,track-a-comparison,luna_pinyin,startup_warm_shared_assets_runtime_ready,,3,7,translator_install,2909,unavailable,unavailable,unavailable
yune,track-a-comparison,luna_pinyin,startup_warm_shared_assets_runtime_ready,,3,8,schema_config_load,1533,unavailable,unavailable,unavailable
yune,track-a-comparison,luna_pinyin,startup_warm_shared_assets_runtime_ready,,3,9,filter_install,1608,unavailable,unavailable,unavailable
yune,track-a-comparison,luna_pinyin,startup_warm_shared_assets_runtime_ready,,3,10,userdb_open_or_sync,18,unavailable,unavailable,unavailable
yune,track-a-comparison,luna_pinyin,startup_warm_shared_assets_runtime_ready,,3,11,session_create,23654,unavailable,unavailable,unavailable
yune,track-a-comparison,luna_pinyin,startup_warm_shared_assets_runtime_ready,,3,12,schema_select,119,unavailable,unavailable,unavailable
yune,track-a-comparison,luna_pinyin,startup_warm_shared_assets_runtime_ready,,3,13,session_destroy,245,unavailable,unavailable,unavailable
yune,track-a-comparison,luna_pinyin,startup_warm_shared_assets_runtime_ready,,3,14,runtime_finalize,0,unavailable,unavailable,unavailable
yune,track-a-comparison,luna_pinyin,startup_warm_shared_assets_runtime_ready,,4,0,runtime_setup,13,unavailable,unavailable,unavailable
yune,track-a-comparison,luna_pinyin,startup_warm_shared_assets_runtime_ready,,4,1,runtime_setup,5,unavailable,unavailable,unavailable
yune,track-a-comparison,luna_pinyin,startup_warm_shared_assets_runtime_ready,,4,2,runtime_initialize,5,unavailable,unavailable,unavailable
yune,track-a-comparison,luna_pinyin,startup_warm_shared_assets_runtime_ready,,4,3,schema_config_load,1323,unavailable,unavailable,unavailable
yune,track-a-comparison,luna_pinyin,startup_warm_shared_assets_runtime_ready,,4,4,schema_switch_options,1,unavailable,unavailable,unavailable
yune,track-a-comparison,luna_pinyin,startup_warm_shared_assets_runtime_ready,,4,5,processor_install,14522,unavailable,unavailable,unavailable
yune,track-a-comparison,luna_pinyin,startup_warm_shared_assets_runtime_ready,,4,6,schema_config_load,1307,unavailable,unavailable,unavailable
yune,track-a-comparison,luna_pinyin,startup_warm_shared_assets_runtime_ready,,4,7,translator_install,2823,unavailable,unavailable,unavailable
yune,track-a-comparison,luna_pinyin,startup_warm_shared_assets_runtime_ready,,4,8,schema_config_load,1394,unavailable,unavailable,unavailable
yune,track-a-comparison,luna_pinyin,startup_warm_shared_assets_runtime_ready,,4,9,filter_install,1465,unavailable,unavailable,unavailable
yune,track-a-comparison,luna_pinyin,startup_warm_shared_assets_runtime_ready,,4,10,userdb_open_or_sync,16,unavailable,unavailable,unavailable
yune,track-a-comparison,luna_pinyin,startup_warm_shared_assets_runtime_ready,,4,11,session_create,23507,unavailable,unavailable,unavailable
yune,track-a-comparison,luna_pinyin,startup_warm_shared_assets_runtime_ready,,4,12,schema_select,115,unavailable,unavailable,unavailable
yune,track-a-comparison,luna_pinyin,startup_warm_shared_assets_runtime_ready,,4,13,session_destroy,329,unavailable,unavailable,unavailable
yune,track-a-comparison,luna_pinyin,startup_warm_shared_assets_runtime_ready,,4,14,runtime_finalize,0,unavailable,unavailable,unavailable
yune,track-a-comparison,luna_pinyin,startup_warm_shared_assets_runtime_ready,,5,0,runtime_setup,14,unavailable,unavailable,unavailable
yune,track-a-comparison,luna_pinyin,startup_warm_shared_assets_runtime_ready,,5,1,runtime_setup,9,unavailable,unavailable,unavailable
yune,track-a-comparison,luna_pinyin,startup_warm_shared_assets_runtime_ready,,5,2,runtime_initialize,9,unavailable,unavailable,unavailable
yune,track-a-comparison,luna_pinyin,startup_warm_shared_assets_runtime_ready,,5,3,schema_config_load,1348,unavailable,unavailable,unavailable
yune,track-a-comparison,luna_pinyin,startup_warm_shared_assets_runtime_ready,,5,4,schema_switch_options,1,unavailable,unavailable,unavailable
yune,track-a-comparison,luna_pinyin,startup_warm_shared_assets_runtime_ready,,5,5,processor_install,15087,unavailable,unavailable,unavailable
yune,track-a-comparison,luna_pinyin,startup_warm_shared_assets_runtime_ready,,5,6,schema_config_load,1378,unavailable,unavailable,unavailable
yune,track-a-comparison,luna_pinyin,startup_warm_shared_assets_runtime_ready,,5,7,translator_install,2956,unavailable,unavailable,unavailable
yune,track-a-comparison,luna_pinyin,startup_warm_shared_assets_runtime_ready,,5,8,schema_config_load,1400,unavailable,unavailable,unavailable
yune,track-a-comparison,luna_pinyin,startup_warm_shared_assets_runtime_ready,,5,9,filter_install,1475,unavailable,unavailable,unavailable
yune,track-a-comparison,luna_pinyin,startup_warm_shared_assets_runtime_ready,,5,10,userdb_open_or_sync,18,unavailable,unavailable,unavailable
yune,track-a-comparison,luna_pinyin,startup_warm_shared_assets_runtime_ready,,5,11,session_create,24313,unavailable,unavailable,unavailable
yune,track-a-comparison,luna_pinyin,startup_warm_shared_assets_runtime_ready,,5,12,schema_select,115,unavailable,unavailable,unavailable
yune,track-a-comparison,luna_pinyin,startup_warm_shared_assets_runtime_ready,,5,13,session_destroy,340,unavailable,unavailable,unavailable
yune,track-a-comparison,luna_pinyin,startup_warm_shared_assets_runtime_ready,,5,14,runtime_finalize,0,unavailable,unavailable,unavailable
yune,track-a-comparison,luna_pinyin,startup_warm_shared_assets_runtime_ready,,6,0,runtime_setup,16,unavailable,unavailable,unavailable
yune,track-a-comparison,luna_pinyin,startup_warm_shared_assets_runtime_ready,,6,1,runtime_setup,6,unavailable,unavailable,unavailable
yune,track-a-comparison,luna_pinyin,startup_warm_shared_assets_runtime_ready,,6,2,runtime_initialize,6,unavailable,unavailable,unavailable
yune,track-a-comparison,luna_pinyin,startup_warm_shared_assets_runtime_ready,,6,3,schema_config_load,1322,unavailable,unavailable,unavailable
yune,track-a-comparison,luna_pinyin,startup_warm_shared_assets_runtime_ready,,6,4,schema_switch_options,1,unavailable,unavailable,unavailable
yune,track-a-comparison,luna_pinyin,startup_warm_shared_assets_runtime_ready,,6,5,processor_install,15108,unavailable,unavailable,unavailable
yune,track-a-comparison,luna_pinyin,startup_warm_shared_assets_runtime_ready,,6,6,schema_config_load,1299,unavailable,unavailable,unavailable
yune,track-a-comparison,luna_pinyin,startup_warm_shared_assets_runtime_ready,,6,7,translator_install,2922,unavailable,unavailable,unavailable
yune,track-a-comparison,luna_pinyin,startup_warm_shared_assets_runtime_ready,,6,8,schema_config_load,1307,unavailable,unavailable,unavailable
yune,track-a-comparison,luna_pinyin,startup_warm_shared_assets_runtime_ready,,6,9,filter_install,1377,unavailable,unavailable,unavailable
yune,track-a-comparison,luna_pinyin,startup_warm_shared_assets_runtime_ready,,6,10,userdb_open_or_sync,17,unavailable,unavailable,unavailable
yune,track-a-comparison,luna_pinyin,startup_warm_shared_assets_runtime_ready,,6,11,session_create,24061,unavailable,unavailable,unavailable
yune,track-a-comparison,luna_pinyin,startup_warm_shared_assets_runtime_ready,,6,12,schema_select,129,unavailable,unavailable,unavailable
yune,track-a-comparison,luna_pinyin,startup_warm_shared_assets_runtime_ready,,6,13,session_destroy,246,unavailable,unavailable,unavailable
yune,track-a-comparison,luna_pinyin,startup_warm_shared_assets_runtime_ready,,6,14,runtime_finalize,0,unavailable,unavailable,unavailable
yune,track-a-comparison,luna_pinyin,startup_warm_shared_assets_runtime_ready,,7,0,runtime_setup,14,unavailable,unavailable,unavailable
yune,track-a-comparison,luna_pinyin,startup_warm_shared_assets_runtime_ready,,7,1,runtime_setup,6,unavailable,unavailable,unavailable
yune,track-a-comparison,luna_pinyin,startup_warm_shared_assets_runtime_ready,,7,2,runtime_initialize,6,unavailable,unavailable,unavailable
yune,track-a-comparison,luna_pinyin,startup_warm_shared_assets_runtime_ready,,7,3,schema_config_load,1404,unavailable,unavailable,unavailable
yune,track-a-comparison,luna_pinyin,startup_warm_shared_assets_runtime_ready,,7,4,schema_switch_options,1,unavailable,unavailable,unavailable
yune,track-a-comparison,luna_pinyin,startup_warm_shared_assets_runtime_ready,,7,5,processor_install,14801,unavailable,unavailable,unavailable
yune,track-a-comparison,luna_pinyin,startup_warm_shared_assets_runtime_ready,,7,6,schema_config_load,1310,unavailable,unavailable,unavailable
yune,track-a-comparison,luna_pinyin,startup_warm_shared_assets_runtime_ready,,7,7,translator_install,2853,unavailable,unavailable,unavailable
yune,track-a-comparison,luna_pinyin,startup_warm_shared_assets_runtime_ready,,7,8,schema_config_load,1454,unavailable,unavailable,unavailable
yune,track-a-comparison,luna_pinyin,startup_warm_shared_assets_runtime_ready,,7,9,filter_install,1529,unavailable,unavailable,unavailable
yune,track-a-comparison,luna_pinyin,startup_warm_shared_assets_runtime_ready,,7,10,userdb_open_or_sync,19,unavailable,unavailable,unavailable
yune,track-a-comparison,luna_pinyin,startup_warm_shared_assets_runtime_ready,,7,11,session_create,23977,unavailable,unavailable,unavailable
yune,track-a-comparison,luna_pinyin,startup_warm_shared_assets_runtime_ready,,7,12,schema_select,111,unavailable,unavailable,unavailable
yune,track-a-comparison,luna_pinyin,startup_warm_shared_assets_runtime_ready,,7,13,session_destroy,240,unavailable,unavailable,unavailable
yune,track-a-comparison,luna_pinyin,startup_warm_shared_assets_runtime_ready,,7,14,runtime_finalize,0,unavailable,unavailable,unavailable
yune,track-a-comparison,luna_pinyin,startup_warm_shared_assets_runtime_ready,,8,0,runtime_setup,13,unavailable,unavailable,unavailable
yune,track-a-comparison,luna_pinyin,startup_warm_shared_assets_runtime_ready,,8,1,runtime_setup,6,unavailable,unavailable,unavailable
yune,track-a-comparison,luna_pinyin,startup_warm_shared_assets_runtime_ready,,8,2,runtime_initialize,6,unavailable,unavailable,unavailable
yune,track-a-comparison,luna_pinyin,startup_warm_shared_assets_runtime_ready,,8,3,schema_config_load,1299,unavailable,unavailable,unavailable
yune,track-a-comparison,luna_pinyin,startup_warm_shared_assets_runtime_ready,,8,4,schema_switch_options,1,unavailable,unavailable,unavailable
yune,track-a-comparison,luna_pinyin,startup_warm_shared_assets_runtime_ready,,8,5,processor_install,14276,unavailable,unavailable,unavailable
yune,track-a-comparison,luna_pinyin,startup_warm_shared_assets_runtime_ready,,8,6,schema_config_load,1369,unavailable,unavailable,unavailable
yune,track-a-comparison,luna_pinyin,startup_warm_shared_assets_runtime_ready,,8,7,translator_install,2991,unavailable,unavailable,unavailable
yune,track-a-comparison,luna_pinyin,startup_warm_shared_assets_runtime_ready,,8,8,schema_config_load,1307,unavailable,unavailable,unavailable
yune,track-a-comparison,luna_pinyin,startup_warm_shared_assets_runtime_ready,,8,9,filter_install,1377,unavailable,unavailable,unavailable
yune,track-a-comparison,luna_pinyin,startup_warm_shared_assets_runtime_ready,,8,10,userdb_open_or_sync,17,unavailable,unavailable,unavailable
yune,track-a-comparison,luna_pinyin,startup_warm_shared_assets_runtime_ready,,8,11,session_create,23290,unavailable,unavailable,unavailable
yune,track-a-comparison,luna_pinyin,startup_warm_shared_assets_runtime_ready,,8,12,schema_select,127,unavailable,unavailable,unavailable
yune,track-a-comparison,luna_pinyin,startup_warm_shared_assets_runtime_ready,,8,13,session_destroy,238,unavailable,unavailable,unavailable
yune,track-a-comparison,luna_pinyin,startup_warm_shared_assets_runtime_ready,,8,14,runtime_finalize,0,unavailable,unavailable,unavailable
yune,track-a-comparison,luna_pinyin,session_create_select_destroy,,0,0,schema_config_load,1315,unavailable,unavailable,unavailable
yune,track-a-comparison,luna_pinyin,session_create_select_destroy,,0,1,schema_switch_options,1,unavailable,unavailable,unavailable
yune,track-a-comparison,luna_pinyin,session_create_select_destroy,,0,2,processor_install,14495,unavailable,unavailable,unavailable
yune,track-a-comparison,luna_pinyin,session_create_select_destroy,,0,3,schema_config_load,1357,unavailable,unavailable,unavailable
yune,track-a-comparison,luna_pinyin,session_create_select_destroy,,0,4,translator_install,2879,unavailable,unavailable,unavailable
yune,track-a-comparison,luna_pinyin,session_create_select_destroy,,0,5,schema_config_load,1458,unavailable,unavailable,unavailable
yune,track-a-comparison,luna_pinyin,session_create_select_destroy,,0,6,filter_install,1532,unavailable,unavailable,unavailable
yune,track-a-comparison,luna_pinyin,session_create_select_destroy,,0,7,userdb_open_or_sync,20,unavailable,unavailable,unavailable
yune,track-a-comparison,luna_pinyin,session_create_select_destroy,,0,8,session_create,23559,unavailable,unavailable,unavailable
yune,track-a-comparison,luna_pinyin,session_create_select_destroy,,0,9,schema_select,111,unavailable,unavailable,unavailable
yune,track-a-comparison,luna_pinyin,session_create_select_destroy,,0,10,session_destroy,234,unavailable,unavailable,unavailable
yune,track-a-comparison,luna_pinyin,session_create_select_destroy,,1,0,schema_config_load,1355,unavailable,unavailable,unavailable
yune,track-a-comparison,luna_pinyin,session_create_select_destroy,,1,1,schema_switch_options,1,unavailable,unavailable,unavailable
yune,track-a-comparison,luna_pinyin,session_create_select_destroy,,1,2,processor_install,14418,unavailable,unavailable,unavailable
yune,track-a-comparison,luna_pinyin,session_create_select_destroy,,1,3,schema_config_load,1303,unavailable,unavailable,unavailable
yune,track-a-comparison,luna_pinyin,session_create_select_destroy,,1,4,translator_install,2834,unavailable,unavailable,unavailable
yune,track-a-comparison,luna_pinyin,session_create_select_destroy,,1,5,schema_config_load,1401,unavailable,unavailable,unavailable
yune,track-a-comparison,luna_pinyin,session_create_select_destroy,,1,6,filter_install,1473,unavailable,unavailable,unavailable
yune,track-a-comparison,luna_pinyin,session_create_select_destroy,,1,7,userdb_open_or_sync,20,unavailable,unavailable,unavailable
yune,track-a-comparison,luna_pinyin,session_create_select_destroy,,1,8,session_create,23473,unavailable,unavailable,unavailable
yune,track-a-comparison,luna_pinyin,session_create_select_destroy,,1,9,schema_select,158,unavailable,unavailable,unavailable
yune,track-a-comparison,luna_pinyin,session_create_select_destroy,,1,10,session_destroy,326,unavailable,unavailable,unavailable
yune,track-a-comparison,luna_pinyin,session_create_select_destroy,,2,0,schema_config_load,1312,unavailable,unavailable,unavailable
yune,track-a-comparison,luna_pinyin,session_create_select_destroy,,2,1,schema_switch_options,1,unavailable,unavailable,unavailable
yune,track-a-comparison,luna_pinyin,session_create_select_destroy,,2,2,processor_install,14400,unavailable,unavailable,unavailable
yune,track-a-comparison,luna_pinyin,session_create_select_destroy,,2,3,schema_config_load,1326,unavailable,unavailable,unavailable
yune,track-a-comparison,luna_pinyin,session_create_select_destroy,,2,4,translator_install,2853,unavailable,unavailable,unavailable
yune,track-a-comparison,luna_pinyin,session_create_select_destroy,,2,5,schema_config_load,1393,unavailable,unavailable,unavailable
yune,track-a-comparison,luna_pinyin,session_create_select_destroy,,2,6,filter_install,1462,unavailable,unavailable,unavailable
yune,track-a-comparison,luna_pinyin,session_create_select_destroy,,2,7,userdb_open_or_sync,16,unavailable,unavailable,unavailable
yune,track-a-comparison,luna_pinyin,session_create_select_destroy,,2,8,session_create,23451,unavailable,unavailable,unavailable
yune,track-a-comparison,luna_pinyin,session_create_select_destroy,,2,9,schema_select,137,unavailable,unavailable,unavailable
yune,track-a-comparison,luna_pinyin,session_create_select_destroy,,2,10,session_destroy,324,unavailable,unavailable,unavailable
yune,track-a-comparison,luna_pinyin,session_create_select_destroy,,3,0,schema_config_load,1303,unavailable,unavailable,unavailable
yune,track-a-comparison,luna_pinyin,session_create_select_destroy,,3,1,schema_switch_options,1,unavailable,unavailable,unavailable
yune,track-a-comparison,luna_pinyin,session_create_select_destroy,,3,2,processor_install,14369,unavailable,unavailable,unavailable
yune,track-a-comparison,luna_pinyin,session_create_select_destroy,,3,3,schema_config_load,1314,unavailable,unavailable,unavailable
yune,track-a-comparison,luna_pinyin,session_create_select_destroy,,3,4,translator_install,2944,unavailable,unavailable,unavailable
yune,track-a-comparison,luna_pinyin,session_create_select_destroy,,3,5,schema_config_load,1313,unavailable,unavailable,unavailable
yune,track-a-comparison,luna_pinyin,session_create_select_destroy,,3,6,filter_install,1385,unavailable,unavailable,unavailable
yune,track-a-comparison,luna_pinyin,session_create_select_destroy,,3,7,userdb_open_or_sync,18,unavailable,unavailable,unavailable
yune,track-a-comparison,luna_pinyin,session_create_select_destroy,,3,8,session_create,23337,unavailable,unavailable,unavailable
yune,track-a-comparison,luna_pinyin,session_create_select_destroy,,3,9,schema_select,112,unavailable,unavailable,unavailable
yune,track-a-comparison,luna_pinyin,session_create_select_destroy,,3,10,session_destroy,259,unavailable,unavailable,unavailable
yune,track-a-comparison,luna_pinyin,session_create_select_destroy,,4,0,schema_config_load,1326,unavailable,unavailable,unavailable
yune,track-a-comparison,luna_pinyin,session_create_select_destroy,,4,1,schema_switch_options,1,unavailable,unavailable,unavailable
yune,track-a-comparison,luna_pinyin,session_create_select_destroy,,4,2,processor_install,14608,unavailable,unavailable,unavailable
yune,track-a-comparison,luna_pinyin,session_create_select_destroy,,4,3,schema_config_load,1332,unavailable,unavailable,unavailable
yune,track-a-comparison,luna_pinyin,session_create_select_destroy,,4,4,translator_install,2892,unavailable,unavailable,unavailable
yune,track-a-comparison,luna_pinyin,session_create_select_destroy,,4,5,schema_config_load,1388,unavailable,unavailable,unavailable
yune,track-a-comparison,luna_pinyin,session_create_select_destroy,,4,6,filter_install,1463,unavailable,unavailable,unavailable
yune,track-a-comparison,luna_pinyin,session_create_select_destroy,,4,7,userdb_open_or_sync,16,unavailable,unavailable,unavailable
yune,track-a-comparison,luna_pinyin,session_create_select_destroy,,4,8,session_create,23653,unavailable,unavailable,unavailable
yune,track-a-comparison,luna_pinyin,session_create_select_destroy,,4,9,schema_select,128,unavailable,unavailable,unavailable
yune,track-a-comparison,luna_pinyin,session_create_select_destroy,,4,10,session_destroy,331,unavailable,unavailable,unavailable
yune,track-a-comparison,luna_pinyin,session_create_select_destroy,,5,0,schema_config_load,1312,unavailable,unavailable,unavailable
yune,track-a-comparison,luna_pinyin,session_create_select_destroy,,5,1,schema_switch_options,1,unavailable,unavailable,unavailable
yune,track-a-comparison,luna_pinyin,session_create_select_destroy,,5,2,processor_install,14393,unavailable,unavailable,unavailable
yune,track-a-comparison,luna_pinyin,session_create_select_destroy,,5,3,schema_config_load,1308,unavailable,unavailable,unavailable
yune,track-a-comparison,luna_pinyin,session_create_select_destroy,,5,4,translator_install,2933,unavailable,unavailable,unavailable
yune,track-a-comparison,luna_pinyin,session_create_select_destroy,,5,5,schema_config_load,1306,unavailable,unavailable,unavailable
yune,track-a-comparison,luna_pinyin,session_create_select_destroy,,5,6,filter_install,1379,unavailable,unavailable,unavailable
yune,track-a-comparison,luna_pinyin,session_create_select_destroy,,5,7,userdb_open_or_sync,19,unavailable,unavailable,unavailable
yune,track-a-comparison,luna_pinyin,session_create_select_destroy,,5,8,session_create,23371,unavailable,unavailable,unavailable
yune,track-a-comparison,luna_pinyin,session_create_select_destroy,,5,9,schema_select,131,unavailable,unavailable,unavailable
yune,track-a-comparison,luna_pinyin,session_create_select_destroy,,5,10,session_destroy,235,unavailable,unavailable,unavailable
yune,track-a-comparison,luna_pinyin,session_create_select_destroy,,6,0,schema_config_load,1366,unavailable,unavailable,unavailable
yune,track-a-comparison,luna_pinyin,session_create_select_destroy,,6,1,schema_switch_options,1,unavailable,unavailable,unavailable
yune,track-a-comparison,luna_pinyin,session_create_select_destroy,,6,2,processor_install,14487,unavailable,unavailable,unavailable
yune,track-a-comparison,luna_pinyin,session_create_select_destroy,,6,3,schema_config_load,1333,unavailable,unavailable,unavailable
yune,track-a-comparison,luna_pinyin,session_create_select_destroy,,6,4,translator_install,2895,unavailable,unavailable,unavailable
yune,track-a-comparison,luna_pinyin,session_create_select_destroy,,6,5,schema_config_load,1450,unavailable,unavailable,unavailable
yune,track-a-comparison,luna_pinyin,session_create_select_destroy,,6,6,filter_install,1527,unavailable,unavailable,unavailable
yune,track-a-comparison,luna_pinyin,session_create_select_destroy,,6,7,userdb_open_or_sync,20,unavailable,unavailable,unavailable
yune,track-a-comparison,luna_pinyin,session_create_select_destroy,,6,8,session_create,23654,unavailable,unavailable,unavailable
yune,track-a-comparison,luna_pinyin,session_create_select_destroy,,6,9,schema_select,115,unavailable,unavailable,unavailable
yune,track-a-comparison,luna_pinyin,session_create_select_destroy,,6,10,session_destroy,257,unavailable,unavailable,unavailable
yune,track-a-comparison,luna_pinyin,session_create_select_destroy,,7,0,schema_config_load,1308,unavailable,unavailable,unavailable
yune,track-a-comparison,luna_pinyin,session_create_select_destroy,,7,1,schema_switch_options,1,unavailable,unavailable,unavailable
yune,track-a-comparison,luna_pinyin,session_create_select_destroy,,7,2,processor_install,14451,unavailable,unavailable,unavailable
yune,track-a-comparison,luna_pinyin,session_create_select_destroy,,7,3,schema_config_load,1310,unavailable,unavailable,unavailable
yune,track-a-comparison,luna_pinyin,session_create_select_destroy,,7,4,translator_install,2995,unavailable,unavailable,unavailable
yune,track-a-comparison,luna_pinyin,session_create_select_destroy,,7,5,schema_config_load,1346,unavailable,unavailable,unavailable
yune,track-a-comparison,luna_pinyin,session_create_select_destroy,,7,6,filter_install,1420,unavailable,unavailable,unavailable
yune,track-a-comparison,luna_pinyin,session_create_select_destroy,,7,7,userdb_open_or_sync,16,unavailable,unavailable,unavailable
yune,track-a-comparison,luna_pinyin,session_create_select_destroy,,7,8,session_create,23503,unavailable,unavailable,unavailable
yune,track-a-comparison,luna_pinyin,session_create_select_destroy,,7,9,schema_select,129,unavailable,unavailable,unavailable
yune,track-a-comparison,luna_pinyin,session_create_select_destroy,,7,10,session_destroy,262,unavailable,unavailable,unavailable
yune,track-a-comparison,luna_pinyin,session_create_select_destroy,,8,0,schema_config_load,1332,unavailable,unavailable,unavailable
yune,track-a-comparison,luna_pinyin,session_create_select_destroy,,8,1,schema_switch_options,1,unavailable,unavailable,unavailable
yune,track-a-comparison,luna_pinyin,session_create_select_destroy,,8,2,processor_install,14837,unavailable,unavailable,unavailable
yune,track-a-comparison,luna_pinyin,session_create_select_destroy,,8,3,schema_config_load,1328,unavailable,unavailable,unavailable
yune,track-a-comparison,luna_pinyin,session_create_select_destroy,,8,4,translator_install,2945,unavailable,unavailable,unavailable
yune,track-a-comparison,luna_pinyin,session_create_select_destroy,,8,5,schema_config_load,1452,unavailable,unavailable,unavailable
yune,track-a-comparison,luna_pinyin,session_create_select_destroy,,8,6,filter_install,1531,unavailable,unavailable,unavailable
yune,track-a-comparison,luna_pinyin,session_create_select_destroy,,8,7,userdb_open_or_sync,18,unavailable,unavailable,unavailable
yune,track-a-comparison,luna_pinyin,session_create_select_destroy,,8,8,session_create,24069,unavailable,unavailable,unavailable
yune,track-a-comparison,luna_pinyin,session_create_select_destroy,,8,9,schema_select,138,unavailable,unavailable,unavailable
yune,track-a-comparison,luna_pinyin,session_create_select_destroy,,8,10,session_destroy,276,unavailable,unavailable,unavailable
yune,track-a-comparison,luna_pinyin,session_create_select_destroy,,9,0,schema_config_load,1316,unavailable,unavailable,unavailable
yune,track-a-comparison,luna_pinyin,session_create_select_destroy,,9,1,schema_switch_options,2,unavailable,unavailable,unavailable
yune,track-a-comparison,luna_pinyin,session_create_select_destroy,,9,2,processor_install,14463,unavailable,unavailable,unavailable
yune,track-a-comparison,luna_pinyin,session_create_select_destroy,,9,3,schema_config_load,1345,unavailable,unavailable,unavailable
yune,track-a-comparison,luna_pinyin,session_create_select_destroy,,9,4,translator_install,2972,unavailable,unavailable,unavailable
yune,track-a-comparison,luna_pinyin,session_create_select_destroy,,9,5,schema_config_load,1314,unavailable,unavailable,unavailable
yune,track-a-comparison,luna_pinyin,session_create_select_destroy,,9,6,filter_install,1384,unavailable,unavailable,unavailable
yune,track-a-comparison,luna_pinyin,session_create_select_destroy,,9,7,userdb_open_or_sync,15,unavailable,unavailable,unavailable
yune,track-a-comparison,luna_pinyin,session_create_select_destroy,,9,8,session_create,23494,unavailable,unavailable,unavailable
yune,track-a-comparison,luna_pinyin,session_create_select_destroy,,9,9,schema_select,181,unavailable,unavailable,unavailable
yune,track-a-comparison,luna_pinyin,session_create_select_destroy,,9,10,session_destroy,264,unavailable,unavailable,unavailable
yune,track-a-comparison,luna_pinyin,session_create_select_destroy,,10,0,schema_config_load,1336,unavailable,unavailable,unavailable
yune,track-a-comparison,luna_pinyin,session_create_select_destroy,,10,1,schema_switch_options,1,unavailable,unavailable,unavailable
yune,track-a-comparison,luna_pinyin,session_create_select_destroy,,10,2,processor_install,14543,unavailable,unavailable,unavailable
yune,track-a-comparison,luna_pinyin,session_create_select_destroy,,10,3,schema_config_load,1333,unavailable,unavailable,unavailable
yune,track-a-comparison,luna_pinyin,session_create_select_destroy,,10,4,translator_install,2903,unavailable,unavailable,unavailable
yune,track-a-comparison,luna_pinyin,session_create_select_destroy,,10,5,schema_config_load,1432,unavailable,unavailable,unavailable
yune,track-a-comparison,luna_pinyin,session_create_select_destroy,,10,6,filter_install,1506,unavailable,unavailable,unavailable
yune,track-a-comparison,luna_pinyin,session_create_select_destroy,,10,7,userdb_open_or_sync,17,unavailable,unavailable,unavailable
yune,track-a-comparison,luna_pinyin,session_create_select_destroy,,10,8,session_create,23624,unavailable,unavailable,unavailable
yune,track-a-comparison,luna_pinyin,session_create_select_destroy,,10,9,schema_select,138,unavailable,unavailable,unavailable
yune,track-a-comparison,luna_pinyin,session_create_select_destroy,,10,10,session_destroy,265,unavailable,unavailable,unavailable
yune,track-a-comparison,luna_pinyin,session_create_select_destroy,,11,0,schema_config_load,1299,unavailable,unavailable,unavailable
yune,track-a-comparison,luna_pinyin,session_create_select_destroy,,11,1,schema_switch_options,1,unavailable,unavailable,unavailable
yune,track-a-comparison,luna_pinyin,session_create_select_destroy,,11,2,processor_install,14428,unavailable,unavailable,unavailable
yune,track-a-comparison,luna_pinyin,session_create_select_destroy,,11,3,schema_config_load,1307,unavailable,unavailable,unavailable
yune,track-a-comparison,luna_pinyin,session_create_select_destroy,,11,4,translator_install,11545,unavailable,unavailable,unavailable
yune,track-a-comparison,luna_pinyin,session_create_select_destroy,,11,5,schema_config_load,1437,unavailable,unavailable,unavailable
yune,track-a-comparison,luna_pinyin,session_create_select_destroy,,11,6,filter_install,1509,unavailable,unavailable,unavailable
yune,track-a-comparison,luna_pinyin,session_create_select_destroy,,11,7,userdb_open_or_sync,19,unavailable,unavailable,unavailable
yune,track-a-comparison,luna_pinyin,session_create_select_destroy,,11,8,session_create,32156,unavailable,unavailable,unavailable
yune,track-a-comparison,luna_pinyin,session_create_select_destroy,,11,9,schema_select,109,unavailable,unavailable,unavailable
yune,track-a-comparison,luna_pinyin,session_create_select_destroy,,11,10,session_destroy,371,unavailable,unavailable,unavailable
yune,track-a-comparison,luna_pinyin,session_create_select_destroy,,12,0,schema_config_load,1308,unavailable,unavailable,unavailable
yune,track-a-comparison,luna_pinyin,session_create_select_destroy,,12,1,schema_switch_options,1,unavailable,unavailable,unavailable
yune,track-a-comparison,luna_pinyin,session_create_select_destroy,,12,2,processor_install,14437,unavailable,unavailable,unavailable
yune,track-a-comparison,luna_pinyin,session_create_select_destroy,,12,3,schema_config_load,1312,unavailable,unavailable,unavailable
yune,track-a-comparison,luna_pinyin,session_create_select_destroy,,12,4,translator_install,2865,unavailable,unavailable,unavailable
yune,track-a-comparison,luna_pinyin,session_create_select_destroy,,12,5,schema_config_load,1359,unavailable,unavailable,unavailable
yune,track-a-comparison,luna_pinyin,session_create_select_destroy,,12,6,filter_install,1428,unavailable,unavailable,unavailable
yune,track-a-comparison,luna_pinyin,session_create_select_destroy,,12,7,userdb_open_or_sync,17,unavailable,unavailable,unavailable
yune,track-a-comparison,luna_pinyin,session_create_select_destroy,,12,8,session_create,23365,unavailable,unavailable,unavailable
yune,track-a-comparison,luna_pinyin,session_create_select_destroy,,12,9,schema_select,111,unavailable,unavailable,unavailable
yune,track-a-comparison,luna_pinyin,session_create_select_destroy,,12,10,session_destroy,244,unavailable,unavailable,unavailable
yune,track-a-comparison,luna_pinyin,session_create_select_destroy,,13,0,schema_config_load,1307,unavailable,unavailable,unavailable
yune,track-a-comparison,luna_pinyin,session_create_select_destroy,,13,1,schema_switch_options,1,unavailable,unavailable,unavailable
yune,track-a-comparison,luna_pinyin,session_create_select_destroy,,13,2,processor_install,14438,unavailable,unavailable,unavailable
yune,track-a-comparison,luna_pinyin,session_create_select_destroy,,13,3,schema_config_load,1344,unavailable,unavailable,unavailable
yune,track-a-comparison,luna_pinyin,session_create_select_destroy,,13,4,translator_install,2889,unavailable,unavailable,unavailable
yune,track-a-comparison,luna_pinyin,session_create_select_destroy,,13,5,schema_config_load,1324,unavailable,unavailable,unavailable
yune,track-a-comparison,luna_pinyin,session_create_select_destroy,,13,6,filter_install,1402,unavailable,unavailable,unavailable
yune,track-a-comparison,luna_pinyin,session_create_select_destroy,,13,7,userdb_open_or_sync,15,unavailable,unavailable,unavailable
yune,track-a-comparison,luna_pinyin,session_create_select_destroy,,13,8,session_create,23379,unavailable,unavailable,unavailable
yune,track-a-comparison,luna_pinyin,session_create_select_destroy,,13,9,schema_select,110,unavailable,unavailable,unavailable
yune,track-a-comparison,luna_pinyin,session_create_select_destroy,,13,10,session_destroy,249,unavailable,unavailable,unavailable
yune,track-a-comparison,luna_pinyin,session_create_select_destroy,,14,0,schema_config_load,1317,unavailable,unavailable,unavailable
yune,track-a-comparison,luna_pinyin,session_create_select_destroy,,14,1,schema_switch_options,1,unavailable,unavailable,unavailable
yune,track-a-comparison,luna_pinyin,session_create_select_destroy,,14,2,processor_install,14355,unavailable,unavailable,unavailable
yune,track-a-comparison,luna_pinyin,session_create_select_destroy,,14,3,schema_config_load,1308,unavailable,unavailable,unavailable
yune,track-a-comparison,luna_pinyin,session_create_select_destroy,,14,4,translator_install,2896,unavailable,unavailable,unavailable
yune,track-a-comparison,luna_pinyin,session_create_select_destroy,,14,5,schema_config_load,1318,unavailable,unavailable,unavailable
yune,track-a-comparison,luna_pinyin,session_create_select_destroy,,14,6,filter_install,1388,unavailable,unavailable,unavailable
yune,track-a-comparison,luna_pinyin,session_create_select_destroy,,14,7,userdb_open_or_sync,16,unavailable,unavailable,unavailable
yune,track-a-comparison,luna_pinyin,session_create_select_destroy,,14,8,session_create,23319,unavailable,unavailable,unavailable
yune,track-a-comparison,luna_pinyin,session_create_select_destroy,,14,9,schema_select,114,unavailable,unavailable,unavailable
yune,track-a-comparison,luna_pinyin,session_create_select_destroy,,14,10,session_destroy,273,unavailable,unavailable,unavailable
yune,track-a-comparison,luna_pinyin,session_create_select_destroy,,15,0,schema_config_load,1352,unavailable,unavailable,unavailable
yune,track-a-comparison,luna_pinyin,session_create_select_destroy,,15,1,schema_switch_options,1,unavailable,unavailable,unavailable
yune,track-a-comparison,luna_pinyin,session_create_select_destroy,,15,2,processor_install,14485,unavailable,unavailable,unavailable
yune,track-a-comparison,luna_pinyin,session_create_select_destroy,,15,3,schema_config_load,1301,unavailable,unavailable,unavailable
yune,track-a-comparison,luna_pinyin,session_create_select_destroy,,15,4,translator_install,2862,unavailable,unavailable,unavailable
yune,track-a-comparison,luna_pinyin,session_create_select_destroy,,15,5,schema_config_load,1434,unavailable,unavailable,unavailable
yune,track-a-comparison,luna_pinyin,session_create_select_destroy,,15,6,filter_install,1540,unavailable,unavailable,unavailable
yune,track-a-comparison,luna_pinyin,session_create_select_destroy,,15,7,userdb_open_or_sync,33,unavailable,unavailable,unavailable
yune,track-a-comparison,luna_pinyin,session_create_select_destroy,,15,8,session_create,23641,unavailable,unavailable,unavailable
yune,track-a-comparison,luna_pinyin,session_create_select_destroy,,15,9,schema_select,109,unavailable,unavailable,unavailable
yune,track-a-comparison,luna_pinyin,session_create_select_destroy,,15,10,session_destroy,260,unavailable,unavailable,unavailable
yune,track-a-comparison,luna_pinyin,session_create_select_destroy,,16,0,schema_config_load,1358,unavailable,unavailable,unavailable
yune,track-a-comparison,luna_pinyin,session_create_select_destroy,,16,1,schema_switch_options,1,unavailable,unavailable,unavailable
yune,track-a-comparison,luna_pinyin,session_create_select_destroy,,16,2,processor_install,14418,unavailable,unavailable,unavailable
yune,track-a-comparison,luna_pinyin,session_create_select_destroy,,16,3,schema_config_load,1308,unavailable,unavailable,unavailable
yune,track-a-comparison,luna_pinyin,session_create_select_destroy,,16,4,translator_install,2828,unavailable,unavailable,unavailable
yune,track-a-comparison,luna_pinyin,session_create_select_destroy,,16,5,schema_config_load,1365,unavailable,unavailable,unavailable
yune,track-a-comparison,luna_pinyin,session_create_select_destroy,,16,6,filter_install,1440,unavailable,unavailable,unavailable
yune,track-a-comparison,luna_pinyin,session_create_select_destroy,,16,7,userdb_open_or_sync,21,unavailable,unavailable,unavailable
yune,track-a-comparison,luna_pinyin,session_create_select_destroy,,16,8,session_create,23417,unavailable,unavailable,unavailable
yune,track-a-comparison,luna_pinyin,session_create_select_destroy,,16,9,schema_select,110,unavailable,unavailable,unavailable
yune,track-a-comparison,luna_pinyin,session_create_select_destroy,,16,10,session_destroy,230,unavailable,unavailable,unavailable
yune,track-a-comparison,luna_pinyin,session_create_select_destroy,,17,0,schema_config_load,1297,unavailable,unavailable,unavailable
yune,track-a-comparison,luna_pinyin,session_create_select_destroy,,17,1,schema_switch_options,1,unavailable,unavailable,unavailable
yune,track-a-comparison,luna_pinyin,session_create_select_destroy,,17,2,processor_install,14340,unavailable,unavailable,unavailable
yune,track-a-comparison,luna_pinyin,session_create_select_destroy,,17,3,schema_config_load,1298,unavailable,unavailable,unavailable
yune,track-a-comparison,luna_pinyin,session_create_select_destroy,,17,4,translator_install,2823,unavailable,unavailable,unavailable
yune,track-a-comparison,luna_pinyin,session_create_select_destroy,,17,5,schema_config_load,1937,unavailable,unavailable,unavailable
yune,track-a-comparison,luna_pinyin,session_create_select_destroy,,17,6,filter_install,2013,unavailable,unavailable,unavailable
yune,track-a-comparison,luna_pinyin,session_create_select_destroy,,17,7,userdb_open_or_sync,32,unavailable,unavailable,unavailable
yune,track-a-comparison,luna_pinyin,session_create_select_destroy,,17,8,session_create,23860,unavailable,unavailable,unavailable
yune,track-a-comparison,luna_pinyin,session_create_select_destroy,,17,9,schema_select,174,unavailable,unavailable,unavailable
yune,track-a-comparison,luna_pinyin,session_create_select_destroy,,17,10,session_destroy,237,unavailable,unavailable,unavailable
yune,track-a-comparison,luna_pinyin,session_create_select_destroy,,18,0,schema_config_load,1324,unavailable,unavailable,unavailable
yune,track-a-comparison,luna_pinyin,session_create_select_destroy,,18,1,schema_switch_options,2,unavailable,unavailable,unavailable
yune,track-a-comparison,luna_pinyin,session_create_select_destroy,,18,2,processor_install,14374,unavailable,unavailable,unavailable
yune,track-a-comparison,luna_pinyin,session_create_select_destroy,,18,3,schema_config_load,1344,unavailable,unavailable,unavailable
yune,track-a-comparison,luna_pinyin,session_create_select_destroy,,18,4,translator_install,2895,unavailable,unavailable,unavailable
yune,track-a-comparison,luna_pinyin,session_create_select_destroy,,18,5,schema_config_load,1321,unavailable,unavailable,unavailable
yune,track-a-comparison,luna_pinyin,session_create_select_destroy,,18,6,filter_install,1390,unavailable,unavailable,unavailable
yune,track-a-comparison,luna_pinyin,session_create_select_destroy,,18,7,userdb_open_or_sync,17,unavailable,unavailable,unavailable
yune,track-a-comparison,luna_pinyin,session_create_select_destroy,,18,8,session_create,23322,unavailable,unavailable,unavailable
yune,track-a-comparison,luna_pinyin,session_create_select_destroy,,18,9,schema_select,112,unavailable,unavailable,unavailable
yune,track-a-comparison,luna_pinyin,session_create_select_destroy,,18,10,session_destroy,246,unavailable,unavailable,unavailable
yune,track-a-comparison,luna_pinyin,session_create_select_destroy,,19,0,schema_config_load,1300,unavailable,unavailable,unavailable
yune,track-a-comparison,luna_pinyin,session_create_select_destroy,,19,1,schema_switch_options,1,unavailable,unavailable,unavailable
yune,track-a-comparison,luna_pinyin,session_create_select_destroy,,19,2,processor_install,14288,unavailable,unavailable,unavailable
yune,track-a-comparison,luna_pinyin,session_create_select_destroy,,19,3,schema_config_load,1296,unavailable,unavailable,unavailable
yune,track-a-comparison,luna_pinyin,session_create_select_destroy,,19,4,translator_install,2821,unavailable,unavailable,unavailable
yune,track-a-comparison,luna_pinyin,session_create_select_destroy,,19,5,schema_config_load,1325,unavailable,unavailable,unavailable
yune,track-a-comparison,luna_pinyin,session_create_select_destroy,,19,6,filter_install,1395,unavailable,unavailable,unavailable
yune,track-a-comparison,luna_pinyin,session_create_select_destroy,,19,7,userdb_open_or_sync,17,unavailable,unavailable,unavailable
yune,track-a-comparison,luna_pinyin,session_create_select_destroy,,19,8,session_create,23125,unavailable,unavailable,unavailable
yune,track-a-comparison,luna_pinyin,session_create_select_destroy,,19,9,schema_select,111,unavailable,unavailable,unavailable
yune,track-a-comparison,luna_pinyin,session_create_select_destroy,,19,10,session_destroy,234,unavailable,unavailable,unavailable
yune,track-a-comparison,luna_pinyin,session_create_select_destroy,,20,0,schema_config_load,1308,unavailable,unavailable,unavailable
yune,track-a-comparison,luna_pinyin,session_create_select_destroy,,20,1,schema_switch_options,1,unavailable,unavailable,unavailable
yune,track-a-comparison,luna_pinyin,session_create_select_destroy,,20,2,processor_install,14188,unavailable,unavailable,unavailable
yune,track-a-comparison,luna_pinyin,session_create_select_destroy,,20,3,schema_config_load,1284,unavailable,unavailable,unavailable
yune,track-a-comparison,luna_pinyin,session_create_select_destroy,,20,4,translator_install,2820,unavailable,unavailable,unavailable
yune,track-a-comparison,luna_pinyin,session_create_select_destroy,,20,5,schema_config_load,1322,unavailable,unavailable,unavailable
yune,track-a-comparison,luna_pinyin,session_create_select_destroy,,20,6,filter_install,1392,unavailable,unavailable,unavailable
yune,track-a-comparison,luna_pinyin,session_create_select_destroy,,20,7,userdb_open_or_sync,19,unavailable,unavailable,unavailable
yune,track-a-comparison,luna_pinyin,session_create_select_destroy,,20,8,session_create,23123,unavailable,unavailable,unavailable
yune,track-a-comparison,luna_pinyin,session_create_select_destroy,,20,9,schema_select,130,unavailable,unavailable,unavailable
yune,track-a-comparison,luna_pinyin,session_create_select_destroy,,20,10,session_destroy,234,unavailable,unavailable,unavailable
yune,track-a-comparison,luna_pinyin,session_create_select_destroy,,21,0,schema_config_load,1290,unavailable,unavailable,unavailable
yune,track-a-comparison,luna_pinyin,session_create_select_destroy,,21,1,schema_switch_options,1,unavailable,unavailable,unavailable
yune,track-a-comparison,luna_pinyin,session_create_select_destroy,,21,2,processor_install,14247,unavailable,unavailable,unavailable
yune,track-a-comparison,luna_pinyin,session_create_select_destroy,,21,3,schema_config_load,1306,unavailable,unavailable,unavailable
yune,track-a-comparison,luna_pinyin,session_create_select_destroy,,21,4,translator_install,2859,unavailable,unavailable,unavailable
yune,track-a-comparison,luna_pinyin,session_create_select_destroy,,21,5,schema_config_load,1327,unavailable,unavailable,unavailable
yune,track-a-comparison,luna_pinyin,session_create_select_destroy,,21,6,filter_install,1397,unavailable,unavailable,unavailable
yune,track-a-comparison,luna_pinyin,session_create_select_destroy,,21,7,userdb_open_or_sync,17,unavailable,unavailable,unavailable
yune,track-a-comparison,luna_pinyin,session_create_select_destroy,,21,8,session_create,23196,unavailable,unavailable,unavailable
yune,track-a-comparison,luna_pinyin,session_create_select_destroy,,21,9,schema_select,151,unavailable,unavailable,unavailable
yune,track-a-comparison,luna_pinyin,session_create_select_destroy,,21,10,session_destroy,237,unavailable,unavailable,unavailable
yune,track-a-comparison,luna_pinyin,session_create_select_destroy,,22,0,schema_config_load,1296,unavailable,unavailable,unavailable
yune,track-a-comparison,luna_pinyin,session_create_select_destroy,,22,1,schema_switch_options,1,unavailable,unavailable,unavailable
yune,track-a-comparison,luna_pinyin,session_create_select_destroy,,22,2,processor_install,14219,unavailable,unavailable,unavailable
yune,track-a-comparison,luna_pinyin,session_create_select_destroy,,22,3,schema_config_load,1309,unavailable,unavailable,unavailable
yune,track-a-comparison,luna_pinyin,session_create_select_destroy,,22,4,translator_install,2824,unavailable,unavailable,unavailable
yune,track-a-comparison,luna_pinyin,session_create_select_destroy,,22,5,schema_config_load,1306,unavailable,unavailable,unavailable
yune,track-a-comparison,luna_pinyin,session_create_select_destroy,,22,6,filter_install,1375,unavailable,unavailable,unavailable
yune,track-a-comparison,luna_pinyin,session_create_select_destroy,,22,7,userdb_open_or_sync,17,unavailable,unavailable,unavailable
yune,track-a-comparison,luna_pinyin,session_create_select_destroy,,22,8,session_create,23080,unavailable,unavailable,unavailable
yune,track-a-comparison,luna_pinyin,session_create_select_destroy,,22,9,schema_select,146,unavailable,unavailable,unavailable
yune,track-a-comparison,luna_pinyin,session_create_select_destroy,,22,10,session_destroy,236,unavailable,unavailable,unavailable
yune,track-a-comparison,luna_pinyin,session_create_select_destroy,,23,0,schema_config_load,1292,unavailable,unavailable,unavailable
yune,track-a-comparison,luna_pinyin,session_create_select_destroy,,23,1,schema_switch_options,1,unavailable,unavailable,unavailable
yune,track-a-comparison,luna_pinyin,session_create_select_destroy,,23,2,processor_install,14159,unavailable,unavailable,unavailable
yune,track-a-comparison,luna_pinyin,session_create_select_destroy,,23,3,schema_config_load,1291,unavailable,unavailable,unavailable
yune,track-a-comparison,luna_pinyin,session_create_select_destroy,,23,4,translator_install,2871,unavailable,unavailable,unavailable
yune,track-a-comparison,luna_pinyin,session_create_select_destroy,,23,5,schema_config_load,1290,unavailable,unavailable,unavailable
yune,track-a-comparison,luna_pinyin,session_create_select_destroy,,23,6,filter_install,1359,unavailable,unavailable,unavailable
yune,track-a-comparison,luna_pinyin,session_create_select_destroy,,23,7,userdb_open_or_sync,17,unavailable,unavailable,unavailable
yune,track-a-comparison,luna_pinyin,session_create_select_destroy,,23,8,session_create,22965,unavailable,unavailable,unavailable
yune,track-a-comparison,luna_pinyin,session_create_select_destroy,,23,9,schema_select,110,unavailable,unavailable,unavailable
yune,track-a-comparison,luna_pinyin,session_create_select_destroy,,23,10,session_destroy,243,unavailable,unavailable,unavailable
yune,track-a-comparison,luna_pinyin,session_create_select_destroy,,24,0,schema_config_load,1300,unavailable,unavailable,unavailable
yune,track-a-comparison,luna_pinyin,session_create_select_destroy,,24,1,schema_switch_options,1,unavailable,unavailable,unavailable
yune,track-a-comparison,luna_pinyin,session_create_select_destroy,,24,2,processor_install,14242,unavailable,unavailable,unavailable
yune,track-a-comparison,luna_pinyin,session_create_select_destroy,,24,3,schema_config_load,1301,unavailable,unavailable,unavailable
yune,track-a-comparison,luna_pinyin,session_create_select_destroy,,24,4,translator_install,2824,unavailable,unavailable,unavailable
yune,track-a-comparison,luna_pinyin,session_create_select_destroy,,24,5,schema_config_load,1311,unavailable,unavailable,unavailable
yune,track-a-comparison,luna_pinyin,session_create_select_destroy,,24,6,filter_install,1380,unavailable,unavailable,unavailable
yune,track-a-comparison,luna_pinyin,session_create_select_destroy,,24,7,userdb_open_or_sync,16,unavailable,unavailable,unavailable
yune,track-a-comparison,luna_pinyin,session_create_select_destroy,,24,8,session_create,23124,unavailable,unavailable,unavailable
yune,track-a-comparison,luna_pinyin,session_create_select_destroy,,24,9,schema_select,112,unavailable,unavailable,unavailable
yune,track-a-comparison,luna_pinyin,session_create_select_destroy,,24,10,session_destroy,243,unavailable,unavailable,unavailable
yune,track-a-comparison,luna_pinyin,session_create_select_destroy,,25,0,schema_config_load,1300,unavailable,unavailable,unavailable
yune,track-a-comparison,luna_pinyin,session_create_select_destroy,,25,1,schema_switch_options,1,unavailable,unavailable,unavailable
yune,track-a-comparison,luna_pinyin,session_create_select_destroy,,25,2,processor_install,14192,unavailable,unavailable,unavailable
yune,track-a-comparison,luna_pinyin,session_create_select_destroy,,25,3,schema_config_load,1331,unavailable,unavailable,unavailable
yune,track-a-comparison,luna_pinyin,session_create_select_destroy,,25,4,translator_install,2933,unavailable,unavailable,unavailable
yune,track-a-comparison,luna_pinyin,session_create_select_destroy,,25,5,schema_config_load,1314,unavailable,unavailable,unavailable
yune,track-a-comparison,luna_pinyin,session_create_select_destroy,,25,6,filter_install,1384,unavailable,unavailable,unavailable
yune,track-a-comparison,luna_pinyin,session_create_select_destroy,,25,7,userdb_open_or_sync,17,unavailable,unavailable,unavailable
yune,track-a-comparison,luna_pinyin,session_create_select_destroy,,25,8,session_create,23195,unavailable,unavailable,unavailable
yune,track-a-comparison,luna_pinyin,session_create_select_destroy,,25,9,schema_select,111,unavailable,unavailable,unavailable
yune,track-a-comparison,luna_pinyin,session_create_select_destroy,,25,10,session_destroy,244,unavailable,unavailable,unavailable
yune,track-a-comparison,luna_pinyin,session_create_select_destroy,,26,0,schema_config_load,1293,unavailable,unavailable,unavailable
yune,track-a-comparison,luna_pinyin,session_create_select_destroy,,26,1,schema_switch_options,1,unavailable,unavailable,unavailable
yune,track-a-comparison,luna_pinyin,session_create_select_destroy,,26,2,processor_install,14131,unavailable,unavailable,unavailable
yune,track-a-comparison,luna_pinyin,session_create_select_destroy,,26,3,schema_config_load,1293,unavailable,unavailable,unavailable
yune,track-a-comparison,luna_pinyin,session_create_select_destroy,,26,4,translator_install,2814,unavailable,unavailable,unavailable
yune,track-a-comparison,luna_pinyin,session_create_select_destroy,,26,5,schema_config_load,1323,unavailable,unavailable,unavailable
yune,track-a-comparison,luna_pinyin,session_create_select_destroy,,26,6,filter_install,1401,unavailable,unavailable,unavailable
yune,track-a-comparison,luna_pinyin,session_create_select_destroy,,26,7,userdb_open_or_sync,17,unavailable,unavailable,unavailable
yune,track-a-comparison,luna_pinyin,session_create_select_destroy,,26,8,session_create,22945,unavailable,unavailable,unavailable
yune,track-a-comparison,luna_pinyin,session_create_select_destroy,,26,9,schema_select,109,unavailable,unavailable,unavailable
yune,track-a-comparison,luna_pinyin,session_create_select_destroy,,26,10,session_destroy,234,unavailable,unavailable,unavailable
yune,track-a-comparison,luna_pinyin,session_create_select_destroy,,27,0,schema_config_load,1362,unavailable,unavailable,unavailable
yune,track-a-comparison,luna_pinyin,session_create_select_destroy,,27,1,schema_switch_options,1,unavailable,unavailable,unavailable
yune,track-a-comparison,luna_pinyin,session_create_select_destroy,,27,2,processor_install,14190,unavailable,unavailable,unavailable
yune,track-a-comparison,luna_pinyin,session_create_select_destroy,,27,3,schema_config_load,1301,unavailable,unavailable,unavailable
yune,track-a-comparison,luna_pinyin,session_create_select_destroy,,27,4,translator_install,2868,unavailable,unavailable,unavailable
yune,track-a-comparison,luna_pinyin,session_create_select_destroy,,27,5,schema_config_load,1312,unavailable,unavailable,unavailable
yune,track-a-comparison,luna_pinyin,session_create_select_destroy,,27,6,filter_install,1380,unavailable,unavailable,unavailable
yune,track-a-comparison,luna_pinyin,session_create_select_destroy,,27,7,userdb_open_or_sync,16,unavailable,unavailable,unavailable
yune,track-a-comparison,luna_pinyin,session_create_select_destroy,,27,8,session_create,23118,unavailable,unavailable,unavailable
yune,track-a-comparison,luna_pinyin,session_create_select_destroy,,27,9,schema_select,112,unavailable,unavailable,unavailable
yune,track-a-comparison,luna_pinyin,session_create_select_destroy,,27,10,session_destroy,246,unavailable,unavailable,unavailable
yune,track-a-comparison,luna_pinyin,session_create_select_destroy,,28,0,schema_config_load,1315,unavailable,unavailable,unavailable
yune,track-a-comparison,luna_pinyin,session_create_select_destroy,,28,1,schema_switch_options,1,unavailable,unavailable,unavailable
yune,track-a-comparison,luna_pinyin,session_create_select_destroy,,28,2,processor_install,14256,unavailable,unavailable,unavailable
yune,track-a-comparison,luna_pinyin,session_create_select_destroy,,28,3,schema_config_load,1312,unavailable,unavailable,unavailable
yune,track-a-comparison,luna_pinyin,session_create_select_destroy,,28,4,translator_install,2851,unavailable,unavailable,unavailable
yune,track-a-comparison,luna_pinyin,session_create_select_destroy,,28,5,schema_config_load,1346,unavailable,unavailable,unavailable
yune,track-a-comparison,luna_pinyin,session_create_select_destroy,,28,6,filter_install,1416,unavailable,unavailable,unavailable
yune,track-a-comparison,luna_pinyin,session_create_select_destroy,,28,7,userdb_open_or_sync,19,unavailable,unavailable,unavailable
yune,track-a-comparison,luna_pinyin,session_create_select_destroy,,28,8,session_create,23146,unavailable,unavailable,unavailable
yune,track-a-comparison,luna_pinyin,session_create_select_destroy,,28,9,schema_select,146,unavailable,unavailable,unavailable
yune,track-a-comparison,luna_pinyin,session_create_select_destroy,,28,10,session_destroy,247,unavailable,unavailable,unavailable
yune,track-a-comparison,luna_pinyin,session_create_select_destroy,,29,0,schema_config_load,1297,unavailable,unavailable,unavailable
yune,track-a-comparison,luna_pinyin,session_create_select_destroy,,29,1,schema_switch_options,1,unavailable,unavailable,unavailable
yune,track-a-comparison,luna_pinyin,session_create_select_destroy,,29,2,processor_install,14300,unavailable,unavailable,unavailable
yune,track-a-comparison,luna_pinyin,session_create_select_destroy,,29,3,schema_config_load,1306,unavailable,unavailable,unavailable
yune,track-a-comparison,luna_pinyin,session_create_select_destroy,,29,4,translator_install,2896,unavailable,unavailable,unavailable
yune,track-a-comparison,luna_pinyin,session_create_select_destroy,,29,5,schema_config_load,1316,unavailable,unavailable,unavailable
yune,track-a-comparison,luna_pinyin,session_create_select_destroy,,29,6,filter_install,1391,unavailable,unavailable,unavailable
yune,track-a-comparison,luna_pinyin,session_create_select_destroy,,29,7,userdb_open_or_sync,18,unavailable,unavailable,unavailable
yune,track-a-comparison,luna_pinyin,session_create_select_destroy,,29,8,session_create,23246,unavailable,unavailable,unavailable
yune,track-a-comparison,luna_pinyin,session_create_select_destroy,,29,9,schema_select,111,unavailable,unavailable,unavailable
yune,track-a-comparison,luna_pinyin,session_create_select_destroy,,29,10,session_destroy,277,unavailable,unavailable,unavailable
yune,track-a-comparison,luna_pinyin,session_create_select_destroy,,30,0,schema_config_load,1326,unavailable,unavailable,unavailable
yune,track-a-comparison,luna_pinyin,session_create_select_destroy,,30,1,schema_switch_options,1,unavailable,unavailable,unavailable
yune,track-a-comparison,luna_pinyin,session_create_select_destroy,,30,2,processor_install,14486,unavailable,unavailable,unavailable
yune,track-a-comparison,luna_pinyin,session_create_select_destroy,,30,3,schema_config_load,1320,unavailable,unavailable,unavailable
yune,track-a-comparison,luna_pinyin,session_create_select_destroy,,30,4,translator_install,2903,unavailable,unavailable,unavailable
yune,track-a-comparison,luna_pinyin,session_create_select_destroy,,30,5,schema_config_load,1312,unavailable,unavailable,unavailable
yune,track-a-comparison,luna_pinyin,session_create_select_destroy,,30,6,filter_install,1382,unavailable,unavailable,unavailable
yune,track-a-comparison,luna_pinyin,session_create_select_destroy,,30,7,userdb_open_or_sync,18,unavailable,unavailable,unavailable
yune,track-a-comparison,luna_pinyin,session_create_select_destroy,,30,8,session_create,23541,unavailable,unavailable,unavailable
yune,track-a-comparison,luna_pinyin,session_create_select_destroy,,30,9,schema_select,146,unavailable,unavailable,unavailable
yune,track-a-comparison,luna_pinyin,session_create_select_destroy,,30,10,session_destroy,264,unavailable,unavailable,unavailable
yune,track-a-comparison,luna_pinyin,session_create_select_destroy,,31,0,schema_config_load,1332,unavailable,unavailable,unavailable
yune,track-a-comparison,luna_pinyin,session_create_select_destroy,,31,1,schema_switch_options,1,unavailable,unavailable,unavailable
yune,track-a-comparison,luna_pinyin,session_create_select_destroy,,31,2,processor_install,14444,unavailable,unavailable,unavailable
yune,track-a-comparison,luna_pinyin,session_create_select_destroy,,31,3,schema_config_load,1300,unavailable,unavailable,unavailable
yune,track-a-comparison,luna_pinyin,session_create_select_destroy,,31,4,translator_install,2872,unavailable,unavailable,unavailable
yune,track-a-comparison,luna_pinyin,session_create_select_destroy,,31,5,schema_config_load,1322,unavailable,unavailable,unavailable
yune,track-a-comparison,luna_pinyin,session_create_select_destroy,,31,6,filter_install,1396,unavailable,unavailable,unavailable
yune,track-a-comparison,luna_pinyin,session_create_select_destroy,,31,7,userdb_open_or_sync,19,unavailable,unavailable,unavailable
yune,track-a-comparison,luna_pinyin,session_create_select_destroy,,31,8,session_create,23417,unavailable,unavailable,unavailable
yune,track-a-comparison,luna_pinyin,session_create_select_destroy,,31,9,schema_select,114,unavailable,unavailable,unavailable
yune,track-a-comparison,luna_pinyin,session_create_select_destroy,,31,10,session_destroy,289,unavailable,unavailable,unavailable
yune,track-a-comparison,luna_pinyin,session_create_select_destroy,,32,0,schema_config_load,1332,unavailable,unavailable,unavailable
yune,track-a-comparison,luna_pinyin,session_create_select_destroy,,32,1,schema_switch_options,2,unavailable,unavailable,unavailable
yune,track-a-comparison,luna_pinyin,session_create_select_destroy,,32,2,processor_install,14498,unavailable,unavailable,unavailable
yune,track-a-comparison,luna_pinyin,session_create_select_destroy,,32,3,schema_config_load,1292,unavailable,unavailable,unavailable
yune,track-a-comparison,luna_pinyin,session_create_select_destroy,,32,4,translator_install,2869,unavailable,unavailable,unavailable
yune,track-a-comparison,luna_pinyin,session_create_select_destroy,,32,5,schema_config_load,1345,unavailable,unavailable,unavailable
yune,track-a-comparison,luna_pinyin,session_create_select_destroy,,32,6,filter_install,1418,unavailable,unavailable,unavailable
yune,track-a-comparison,luna_pinyin,session_create_select_destroy,,32,7,userdb_open_or_sync,24,unavailable,unavailable,unavailable
yune,track-a-comparison,luna_pinyin,session_create_select_destroy,,32,8,session_create,23677,unavailable,unavailable,unavailable
yune,track-a-comparison,luna_pinyin,session_create_select_destroy,,32,9,schema_select,112,unavailable,unavailable,unavailable
yune,track-a-comparison,luna_pinyin,session_create_select_destroy,,32,10,session_destroy,296,unavailable,unavailable,unavailable
yune,track-a-comparison,luna_pinyin,session_create_select_destroy,,33,0,schema_config_load,1300,unavailable,unavailable,unavailable
yune,track-a-comparison,luna_pinyin,session_create_select_destroy,,33,1,schema_switch_options,1,unavailable,unavailable,unavailable
yune,track-a-comparison,luna_pinyin,session_create_select_destroy,,33,2,processor_install,14311,unavailable,unavailable,unavailable
yune,track-a-comparison,luna_pinyin,session_create_select_destroy,,33,3,schema_config_load,1328,unavailable,unavailable,unavailable
yune,track-a-comparison,luna_pinyin,session_create_select_destroy,,33,4,translator_install,2921,unavailable,unavailable,unavailable
yune,track-a-comparison,luna_pinyin,session_create_select_destroy,,33,5,schema_config_load,1308,unavailable,unavailable,unavailable
yune,track-a-comparison,luna_pinyin,session_create_select_destroy,,33,6,filter_install,1381,unavailable,unavailable,unavailable
yune,track-a-comparison,luna_pinyin,session_create_select_destroy,,33,7,userdb_open_or_sync,16,unavailable,unavailable,unavailable
yune,track-a-comparison,luna_pinyin,session_create_select_destroy,,33,8,session_create,23312,unavailable,unavailable,unavailable
yune,track-a-comparison,luna_pinyin,session_create_select_destroy,,33,9,schema_select,110,unavailable,unavailable,unavailable
yune,track-a-comparison,luna_pinyin,session_create_select_destroy,,33,10,session_destroy,269,unavailable,unavailable,unavailable
yune,track-a-comparison,luna_pinyin,session_create_select_destroy,,34,0,schema_config_load,1337,unavailable,unavailable,unavailable
yune,track-a-comparison,luna_pinyin,session_create_select_destroy,,34,1,schema_switch_options,1,unavailable,unavailable,unavailable
yune,track-a-comparison,luna_pinyin,session_create_select_destroy,,34,2,processor_install,14558,unavailable,unavailable,unavailable
yune,track-a-comparison,luna_pinyin,session_create_select_destroy,,34,3,schema_config_load,1318,unavailable,unavailable,unavailable
yune,track-a-comparison,luna_pinyin,session_create_select_destroy,,34,4,translator_install,2893,unavailable,unavailable,unavailable
yune,track-a-comparison,luna_pinyin,session_create_select_destroy,,34,5,schema_config_load,1416,unavailable,unavailable,unavailable
yune,track-a-comparison,luna_pinyin,session_create_select_destroy,,34,6,filter_install,1500,unavailable,unavailable,unavailable
yune,track-a-comparison,luna_pinyin,session_create_select_destroy,,34,7,userdb_open_or_sync,17,unavailable,unavailable,unavailable
yune,track-a-comparison,luna_pinyin,session_create_select_destroy,,34,8,session_create,23835,unavailable,unavailable,unavailable
yune,track-a-comparison,luna_pinyin,session_create_select_destroy,,34,9,schema_select,111,unavailable,unavailable,unavailable
yune,track-a-comparison,luna_pinyin,session_create_select_destroy,,34,10,session_destroy,335,unavailable,unavailable,unavailable
yune,track-a-comparison,luna_pinyin,session_create_select_destroy,,35,0,schema_config_load,1312,unavailable,unavailable,unavailable
yune,track-a-comparison,luna_pinyin,session_create_select_destroy,,35,1,schema_switch_options,1,unavailable,unavailable,unavailable
yune,track-a-comparison,luna_pinyin,session_create_select_destroy,,35,2,processor_install,14268,unavailable,unavailable,unavailable
yune,track-a-comparison,luna_pinyin,session_create_select_destroy,,35,3,schema_config_load,1295,unavailable,unavailable,unavailable
yune,track-a-comparison,luna_pinyin,session_create_select_destroy,,35,4,translator_install,2849,unavailable,unavailable,unavailable
yune,track-a-comparison,luna_pinyin,session_create_select_destroy,,35,5,schema_config_load,1381,unavailable,unavailable,unavailable
yune,track-a-comparison,luna_pinyin,session_create_select_destroy,,35,6,filter_install,1452,unavailable,unavailable,unavailable
yune,track-a-comparison,luna_pinyin,session_create_select_destroy,,35,7,userdb_open_or_sync,16,unavailable,unavailable,unavailable
yune,track-a-comparison,luna_pinyin,session_create_select_destroy,,35,8,session_create,23348,unavailable,unavailable,unavailable
yune,track-a-comparison,luna_pinyin,session_create_select_destroy,,35,9,schema_select,111,unavailable,unavailable,unavailable
yune,track-a-comparison,luna_pinyin,session_create_select_destroy,,35,10,session_destroy,258,unavailable,unavailable,unavailable
yune,track-a-comparison,luna_pinyin,session_create_select_destroy,,36,0,schema_config_load,1324,unavailable,unavailable,unavailable
yune,track-a-comparison,luna_pinyin,session_create_select_destroy,,36,1,schema_switch_options,1,unavailable,unavailable,unavailable
yune,track-a-comparison,luna_pinyin,session_create_select_destroy,,36,2,processor_install,14406,unavailable,unavailable,unavailable
yune,track-a-comparison,luna_pinyin,session_create_select_destroy,,36,3,schema_config_load,1306,unavailable,unavailable,unavailable
yune,track-a-comparison,luna_pinyin,session_create_select_destroy,,36,4,translator_install,2926,unavailable,unavailable,unavailable
yune,track-a-comparison,luna_pinyin,session_create_select_destroy,,36,5,schema_config_load,1321,unavailable,unavailable,unavailable
yune,track-a-comparison,luna_pinyin,session_create_select_destroy,,36,6,filter_install,1397,unavailable,unavailable,unavailable
yune,track-a-comparison,luna_pinyin,session_create_select_destroy,,36,7,userdb_open_or_sync,18,unavailable,unavailable,unavailable
yune,track-a-comparison,luna_pinyin,session_create_select_destroy,,36,8,session_create,23449,unavailable,unavailable,unavailable
yune,track-a-comparison,luna_pinyin,session_create_select_destroy,,36,9,schema_select,113,unavailable,unavailable,unavailable
yune,track-a-comparison,luna_pinyin,session_create_select_destroy,,36,10,session_destroy,263,unavailable,unavailable,unavailable
yune,track-a-comparison,luna_pinyin,session_create_select_destroy,,37,0,schema_config_load,1303,unavailable,unavailable,unavailable
yune,track-a-comparison,luna_pinyin,session_create_select_destroy,,37,1,schema_switch_options,1,unavailable,unavailable,unavailable
yune,track-a-comparison,luna_pinyin,session_create_select_destroy,,37,2,processor_install,14380,unavailable,unavailable,unavailable
yune,track-a-comparison,luna_pinyin,session_create_select_destroy,,37,3,schema_config_load,1339,unavailable,unavailable,unavailable
yune,track-a-comparison,luna_pinyin,session_create_select_destroy,,37,4,translator_install,2961,unavailable,unavailable,unavailable
yune,track-a-comparison,luna_pinyin,session_create_select_destroy,,37,5,schema_config_load,1322,unavailable,unavailable,unavailable
yune,track-a-comparison,luna_pinyin,session_create_select_destroy,,37,6,filter_install,1394,unavailable,unavailable,unavailable
yune,track-a-comparison,luna_pinyin,session_create_select_destroy,,37,7,userdb_open_or_sync,15,unavailable,unavailable,unavailable
yune,track-a-comparison,luna_pinyin,session_create_select_destroy,,37,8,session_create,23435,unavailable,unavailable,unavailable
yune,track-a-comparison,luna_pinyin,session_create_select_destroy,,37,9,schema_select,111,unavailable,unavailable,unavailable
yune,track-a-comparison,luna_pinyin,session_create_select_destroy,,37,10,session_destroy,266,unavailable,unavailable,unavailable
yune,track-a-comparison,luna_pinyin,session_create_select_destroy,,38,0,schema_config_load,1309,unavailable,unavailable,unavailable
yune,track-a-comparison,luna_pinyin,session_create_select_destroy,,38,1,schema_switch_options,1,unavailable,unavailable,unavailable
yune,track-a-comparison,luna_pinyin,session_create_select_destroy,,38,2,processor_install,14924,unavailable,unavailable,unavailable
yune,track-a-comparison,luna_pinyin,session_create_select_destroy,,38,3,schema_config_load,1320,unavailable,unavailable,unavailable
yune,track-a-comparison,luna_pinyin,session_create_select_destroy,,38,4,translator_install,2925,unavailable,unavailable,unavailable
yune,track-a-comparison,luna_pinyin,session_create_select_destroy,,38,5,schema_config_load,1360,unavailable,unavailable,unavailable
yune,track-a-comparison,luna_pinyin,session_create_select_destroy,,38,6,filter_install,1431,unavailable,unavailable,unavailable
yune,track-a-comparison,luna_pinyin,session_create_select_destroy,,38,7,userdb_open_or_sync,16,unavailable,unavailable,unavailable
yune,track-a-comparison,luna_pinyin,session_create_select_destroy,,38,8,session_create,23933,unavailable,unavailable,unavailable
yune,track-a-comparison,luna_pinyin,session_create_select_destroy,,38,9,schema_select,111,unavailable,unavailable,unavailable
yune,track-a-comparison,luna_pinyin,session_create_select_destroy,,38,10,session_destroy,265,unavailable,unavailable,unavailable
yune,track-a-comparison,luna_pinyin,session_create_select_destroy,,39,0,schema_config_load,1390,unavailable,unavailable,unavailable
yune,track-a-comparison,luna_pinyin,session_create_select_destroy,,39,1,schema_switch_options,1,unavailable,unavailable,unavailable
yune,track-a-comparison,luna_pinyin,session_create_select_destroy,,39,2,processor_install,14323,unavailable,unavailable,unavailable
yune,track-a-comparison,luna_pinyin,session_create_select_destroy,,39,3,schema_config_load,1320,unavailable,unavailable,unavailable
yune,track-a-comparison,luna_pinyin,session_create_select_destroy,,39,4,translator_install,2923,unavailable,unavailable,unavailable
yune,track-a-comparison,luna_pinyin,session_create_select_destroy,,39,5,schema_config_load,1308,unavailable,unavailable,unavailable
yune,track-a-comparison,luna_pinyin,session_create_select_destroy,,39,6,filter_install,1390,unavailable,unavailable,unavailable
yune,track-a-comparison,luna_pinyin,session_create_select_destroy,,39,7,userdb_open_or_sync,19,unavailable,unavailable,unavailable
yune,track-a-comparison,luna_pinyin,session_create_select_destroy,,39,8,session_create,23471,unavailable,unavailable,unavailable
yune,track-a-comparison,luna_pinyin,session_create_select_destroy,,39,9,schema_select,115,unavailable,unavailable,unavailable
yune,track-a-comparison,luna_pinyin,session_create_select_destroy,,39,10,session_destroy,255,unavailable,unavailable,unavailable
yune,track-a-comparison,luna_pinyin,session_create_select_destroy,,40,0,schema_config_load,1287,unavailable,unavailable,unavailable
yune,track-a-comparison,luna_pinyin,session_create_select_destroy,,40,1,schema_switch_options,1,unavailable,unavailable,unavailable
yune,track-a-comparison,luna_pinyin,session_create_select_destroy,,40,2,processor_install,14356,unavailable,unavailable,unavailable
yune,track-a-comparison,luna_pinyin,session_create_select_destroy,,40,3,schema_config_load,1300,unavailable,unavailable,unavailable
yune,track-a-comparison,luna_pinyin,session_create_select_destroy,,40,4,translator_install,2870,unavailable,unavailable,unavailable
yune,track-a-comparison,luna_pinyin,session_create_select_destroy,,40,5,schema_config_load,1310,unavailable,unavailable,unavailable
yune,track-a-comparison,luna_pinyin,session_create_select_destroy,,40,6,filter_install,1383,unavailable,unavailable,unavailable
yune,track-a-comparison,luna_pinyin,session_create_select_destroy,,40,7,userdb_open_or_sync,16,unavailable,unavailable,unavailable
yune,track-a-comparison,luna_pinyin,session_create_select_destroy,,40,8,session_create,23273,unavailable,unavailable,unavailable
yune,track-a-comparison,luna_pinyin,session_create_select_destroy,,40,9,schema_select,113,unavailable,unavailable,unavailable
yune,track-a-comparison,luna_pinyin,session_create_select_destroy,,40,10,session_destroy,265,unavailable,unavailable,unavailable
yune,track-a-comparison,luna_pinyin,session_create_select_destroy,,41,0,schema_config_load,1313,unavailable,unavailable,unavailable
yune,track-a-comparison,luna_pinyin,session_create_select_destroy,,41,1,schema_switch_options,1,unavailable,unavailable,unavailable
yune,track-a-comparison,luna_pinyin,session_create_select_destroy,,41,2,processor_install,14215,unavailable,unavailable,unavailable
yune,track-a-comparison,luna_pinyin,session_create_select_destroy,,41,3,schema_config_load,1302,unavailable,unavailable,unavailable
yune,track-a-comparison,luna_pinyin,session_create_select_destroy,,41,4,translator_install,2901,unavailable,unavailable,unavailable
yune,track-a-comparison,luna_pinyin,session_create_select_destroy,,41,5,schema_config_load,1313,unavailable,unavailable,unavailable
yune,track-a-comparison,luna_pinyin,session_create_select_destroy,,41,6,filter_install,1382,unavailable,unavailable,unavailable
yune,track-a-comparison,luna_pinyin,session_create_select_destroy,,41,7,userdb_open_or_sync,16,unavailable,unavailable,unavailable
yune,track-a-comparison,luna_pinyin,session_create_select_destroy,,41,8,session_create,23155,unavailable,unavailable,unavailable
yune,track-a-comparison,luna_pinyin,session_create_select_destroy,,41,9,schema_select,109,unavailable,unavailable,unavailable
yune,track-a-comparison,luna_pinyin,session_create_select_destroy,,41,10,session_destroy,257,unavailable,unavailable,unavailable
yune,track-a-comparison,luna_pinyin,session_create_select_destroy,,42,0,schema_config_load,1315,unavailable,unavailable,unavailable
yune,track-a-comparison,luna_pinyin,session_create_select_destroy,,42,1,schema_switch_options,1,unavailable,unavailable,unavailable
yune,track-a-comparison,luna_pinyin,session_create_select_destroy,,42,2,processor_install,14276,unavailable,unavailable,unavailable
yune,track-a-comparison,luna_pinyin,session_create_select_destroy,,42,3,schema_config_load,1316,unavailable,unavailable,unavailable
yune,track-a-comparison,luna_pinyin,session_create_select_destroy,,42,4,translator_install,2860,unavailable,unavailable,unavailable
yune,track-a-comparison,luna_pinyin,session_create_select_destroy,,42,5,schema_config_load,1353,unavailable,unavailable,unavailable
yune,track-a-comparison,luna_pinyin,session_create_select_destroy,,42,6,filter_install,1424,unavailable,unavailable,unavailable
yune,track-a-comparison,luna_pinyin,session_create_select_destroy,,42,7,userdb_open_or_sync,17,unavailable,unavailable,unavailable
yune,track-a-comparison,luna_pinyin,session_create_select_destroy,,42,8,session_create,23237,unavailable,unavailable,unavailable
yune,track-a-comparison,luna_pinyin,session_create_select_destroy,,42,9,schema_select,110,unavailable,unavailable,unavailable
yune,track-a-comparison,luna_pinyin,session_create_select_destroy,,42,10,session_destroy,238,unavailable,unavailable,unavailable
yune,track-a-comparison,luna_pinyin,session_create_select_destroy,,43,0,schema_config_load,1302,unavailable,unavailable,unavailable
yune,track-a-comparison,luna_pinyin,session_create_select_destroy,,43,1,schema_switch_options,1,unavailable,unavailable,unavailable
yune,track-a-comparison,luna_pinyin,session_create_select_destroy,,43,2,processor_install,14283,unavailable,unavailable,unavailable
yune,track-a-comparison,luna_pinyin,session_create_select_destroy,,43,3,schema_config_load,1292,unavailable,unavailable,unavailable
yune,track-a-comparison,luna_pinyin,session_create_select_destroy,,43,4,translator_install,2843,unavailable,unavailable,unavailable
yune,track-a-comparison,luna_pinyin,session_create_select_destroy,,43,5,schema_config_load,1322,unavailable,unavailable,unavailable
yune,track-a-comparison,luna_pinyin,session_create_select_destroy,,43,6,filter_install,1392,unavailable,unavailable,unavailable
yune,track-a-comparison,luna_pinyin,session_create_select_destroy,,43,7,userdb_open_or_sync,17,unavailable,unavailable,unavailable
yune,track-a-comparison,luna_pinyin,session_create_select_destroy,,43,8,session_create,23186,unavailable,unavailable,unavailable
yune,track-a-comparison,luna_pinyin,session_create_select_destroy,,43,9,schema_select,110,unavailable,unavailable,unavailable
yune,track-a-comparison,luna_pinyin,session_create_select_destroy,,43,10,session_destroy,254,unavailable,unavailable,unavailable
yune,track-a-comparison,luna_pinyin,session_create_select_destroy,,44,0,schema_config_load,1314,unavailable,unavailable,unavailable
yune,track-a-comparison,luna_pinyin,session_create_select_destroy,,44,1,schema_switch_options,1,unavailable,unavailable,unavailable
yune,track-a-comparison,luna_pinyin,session_create_select_destroy,,44,2,processor_install,14722,unavailable,unavailable,unavailable
yune,track-a-comparison,luna_pinyin,session_create_select_destroy,,44,3,schema_config_load,1316,unavailable,unavailable,unavailable
yune,track-a-comparison,luna_pinyin,session_create_select_destroy,,44,4,translator_install,2911,unavailable,unavailable,unavailable
yune,track-a-comparison,luna_pinyin,session_create_select_destroy,,44,5,schema_config_load,1404,unavailable,unavailable,unavailable
yune,track-a-comparison,luna_pinyin,session_create_select_destroy,,44,6,filter_install,1478,unavailable,unavailable,unavailable
yune,track-a-comparison,luna_pinyin,session_create_select_destroy,,44,7,userdb_open_or_sync,17,unavailable,unavailable,unavailable
yune,track-a-comparison,luna_pinyin,session_create_select_destroy,,44,8,session_create,23859,unavailable,unavailable,unavailable
yune,track-a-comparison,luna_pinyin,session_create_select_destroy,,44,9,schema_select,138,unavailable,unavailable,unavailable
yune,track-a-comparison,luna_pinyin,session_create_select_destroy,,44,10,session_destroy,273,unavailable,unavailable,unavailable
yune,track-a-comparison,luna_pinyin,session_create_select_destroy,,45,0,schema_config_load,1314,unavailable,unavailable,unavailable
yune,track-a-comparison,luna_pinyin,session_create_select_destroy,,45,1,schema_switch_options,1,unavailable,unavailable,unavailable
yune,track-a-comparison,luna_pinyin,session_create_select_destroy,,45,2,processor_install,14430,unavailable,unavailable,unavailable
yune,track-a-comparison,luna_pinyin,session_create_select_destroy,,45,3,schema_config_load,1306,unavailable,unavailable,unavailable
yune,track-a-comparison,luna_pinyin,session_create_select_destroy,,45,4,translator_install,2859,unavailable,unavailable,unavailable
yune,track-a-comparison,luna_pinyin,session_create_select_destroy,,45,5,schema_config_load,1347,unavailable,unavailable,unavailable
yune,track-a-comparison,luna_pinyin,session_create_select_destroy,,45,6,filter_install,1419,unavailable,unavailable,unavailable
yune,track-a-comparison,luna_pinyin,session_create_select_destroy,,45,7,userdb_open_or_sync,18,unavailable,unavailable,unavailable
yune,track-a-comparison,luna_pinyin,session_create_select_destroy,,45,8,session_create,23401,unavailable,unavailable,unavailable
yune,track-a-comparison,luna_pinyin,session_create_select_destroy,,45,9,schema_select,114,unavailable,unavailable,unavailable
yune,track-a-comparison,luna_pinyin,session_create_select_destroy,,45,10,session_destroy,265,unavailable,unavailable,unavailable
yune,track-a-comparison,luna_pinyin,session_create_select_destroy,,46,0,schema_config_load,1304,unavailable,unavailable,unavailable
yune,track-a-comparison,luna_pinyin,session_create_select_destroy,,46,1,schema_switch_options,1,unavailable,unavailable,unavailable
yune,track-a-comparison,luna_pinyin,session_create_select_destroy,,46,2,processor_install,14508,unavailable,unavailable,unavailable
yune,track-a-comparison,luna_pinyin,session_create_select_destroy,,46,3,schema_config_load,1304,unavailable,unavailable,unavailable
yune,track-a-comparison,luna_pinyin,session_create_select_destroy,,46,4,translator_install,2922,unavailable,unavailable,unavailable
yune,track-a-comparison,luna_pinyin,session_create_select_destroy,,46,5,schema_config_load,1375,unavailable,unavailable,unavailable
yune,track-a-comparison,luna_pinyin,session_create_select_destroy,,46,6,filter_install,1448,unavailable,unavailable,unavailable
yune,track-a-comparison,luna_pinyin,session_create_select_destroy,,46,7,userdb_open_or_sync,16,unavailable,unavailable,unavailable
yune,track-a-comparison,luna_pinyin,session_create_select_destroy,,46,8,session_create,23534,unavailable,unavailable,unavailable
yune,track-a-comparison,luna_pinyin,session_create_select_destroy,,46,9,schema_select,111,unavailable,unavailable,unavailable
yune,track-a-comparison,luna_pinyin,session_create_select_destroy,,46,10,session_destroy,278,unavailable,unavailable,unavailable
yune,track-a-comparison,luna_pinyin,session_create_select_destroy,,47,0,schema_config_load,1325,unavailable,unavailable,unavailable
yune,track-a-comparison,luna_pinyin,session_create_select_destroy,,47,1,schema_switch_options,1,unavailable,unavailable,unavailable
yune,track-a-comparison,luna_pinyin,session_create_select_destroy,,47,2,processor_install,14538,unavailable,unavailable,unavailable
yune,track-a-comparison,luna_pinyin,session_create_select_destroy,,47,3,schema_config_load,1310,unavailable,unavailable,unavailable
yune,track-a-comparison,luna_pinyin,session_create_select_destroy,,47,4,translator_install,2865,unavailable,unavailable,unavailable
yune,track-a-comparison,luna_pinyin,session_create_select_destroy,,47,5,schema_config_load,1306,unavailable,unavailable,unavailable
yune,track-a-comparison,luna_pinyin,session_create_select_destroy,,47,6,filter_install,1379,unavailable,unavailable,unavailable
yune,track-a-comparison,luna_pinyin,session_create_select_destroy,,47,7,userdb_open_or_sync,15,unavailable,unavailable,unavailable
yune,track-a-comparison,luna_pinyin,session_create_select_destroy,,47,8,session_create,23509,unavailable,unavailable,unavailable
yune,track-a-comparison,luna_pinyin,session_create_select_destroy,,47,9,schema_select,114,unavailable,unavailable,unavailable
yune,track-a-comparison,luna_pinyin,session_create_select_destroy,,47,10,session_destroy,272,unavailable,unavailable,unavailable
yune,track-a-comparison,luna_pinyin,session_create_select_destroy,,48,0,schema_config_load,1386,unavailable,unavailable,unavailable
yune,track-a-comparison,luna_pinyin,session_create_select_destroy,,48,1,schema_switch_options,1,unavailable,unavailable,unavailable
yune,track-a-comparison,luna_pinyin,session_create_select_destroy,,48,2,processor_install,14724,unavailable,unavailable,unavailable
yune,track-a-comparison,luna_pinyin,session_create_select_destroy,,48,3,schema_config_load,1325,unavailable,unavailable,unavailable
yune,track-a-comparison,luna_pinyin,session_create_select_destroy,,48,4,translator_install,2903,unavailable,unavailable,unavailable
yune,track-a-comparison,luna_pinyin,session_create_select_destroy,,48,5,schema_config_load,1361,unavailable,unavailable,unavailable
yune,track-a-comparison,luna_pinyin,session_create_select_destroy,,48,6,filter_install,1430,unavailable,unavailable,unavailable
yune,track-a-comparison,luna_pinyin,session_create_select_destroy,,48,7,userdb_open_or_sync,19,unavailable,unavailable,unavailable
yune,track-a-comparison,luna_pinyin,session_create_select_destroy,,48,8,session_create,23845,unavailable,unavailable,unavailable
yune,track-a-comparison,luna_pinyin,session_create_select_destroy,,48,9,schema_select,113,unavailable,unavailable,unavailable
yune,track-a-comparison,luna_pinyin,session_create_select_destroy,,48,10,session_destroy,257,unavailable,unavailable,unavailable
yune,track-a-comparison,luna_pinyin,session_create_select_destroy,,49,0,schema_config_load,1315,unavailable,unavailable,unavailable
yune,track-a-comparison,luna_pinyin,session_create_select_destroy,,49,1,schema_switch_options,1,unavailable,unavailable,unavailable
yune,track-a-comparison,luna_pinyin,session_create_select_destroy,,49,2,processor_install,14957,unavailable,unavailable,unavailable
yune,track-a-comparison,luna_pinyin,session_create_select_destroy,,49,3,schema_config_load,1317,unavailable,unavailable,unavailable
yune,track-a-comparison,luna_pinyin,session_create_select_destroy,,49,4,translator_install,2885,unavailable,unavailable,unavailable
yune,track-a-comparison,luna_pinyin,session_create_select_destroy,,49,5,schema_config_load,1314,unavailable,unavailable,unavailable
yune,track-a-comparison,luna_pinyin,session_create_select_destroy,,49,6,filter_install,1384,unavailable,unavailable,unavailable
yune,track-a-comparison,luna_pinyin,session_create_select_destroy,,49,7,userdb_open_or_sync,16,unavailable,unavailable,unavailable
yune,track-a-comparison,luna_pinyin,session_create_select_destroy,,49,8,session_create,23917,unavailable,unavailable,unavailable
yune,track-a-comparison,luna_pinyin,session_create_select_destroy,,49,9,schema_select,114,unavailable,unavailable,unavailable
yune,track-a-comparison,luna_pinyin,session_create_select_destroy,,49,10,session_destroy,277,unavailable,unavailable,unavailable
yune,track-a-comparison,luna_pinyin,session_create_select_destroy,,50,0,schema_config_load,1332,unavailable,unavailable,unavailable
yune,track-a-comparison,luna_pinyin,session_create_select_destroy,,50,1,schema_switch_options,1,unavailable,unavailable,unavailable
yune,track-a-comparison,luna_pinyin,session_create_select_destroy,,50,2,processor_install,14494,unavailable,unavailable,unavailable
yune,track-a-comparison,luna_pinyin,session_create_select_destroy,,50,3,schema_config_load,1316,unavailable,unavailable,unavailable
yune,track-a-comparison,luna_pinyin,session_create_select_destroy,,50,4,translator_install,2878,unavailable,unavailable,unavailable
yune,track-a-comparison,luna_pinyin,session_create_select_destroy,,50,5,schema_config_load,1316,unavailable,unavailable,unavailable
yune,track-a-comparison,luna_pinyin,session_create_select_destroy,,50,6,filter_install,1385,unavailable,unavailable,unavailable
yune,track-a-comparison,luna_pinyin,session_create_select_destroy,,50,7,userdb_open_or_sync,15,unavailable,unavailable,unavailable
yune,track-a-comparison,luna_pinyin,session_create_select_destroy,,50,8,session_create,23463,unavailable,unavailable,unavailable
yune,track-a-comparison,luna_pinyin,session_create_select_destroy,,50,9,schema_select,109,unavailable,unavailable,unavailable
yune,track-a-comparison,luna_pinyin,session_create_select_destroy,,50,10,session_destroy,267,unavailable,unavailable,unavailable
yune,track-a-comparison,luna_pinyin,session_create_select_destroy,,51,0,schema_config_load,1329,unavailable,unavailable,unavailable
yune,track-a-comparison,luna_pinyin,session_create_select_destroy,,51,1,schema_switch_options,1,unavailable,unavailable,unavailable
yune,track-a-comparison,luna_pinyin,session_create_select_destroy,,51,2,processor_install,14431,unavailable,unavailable,unavailable
yune,track-a-comparison,luna_pinyin,session_create_select_destroy,,51,3,schema_config_load,1309,unavailable,unavailable,unavailable
yune,track-a-comparison,luna_pinyin,session_create_select_destroy,,51,4,translator_install,2852,unavailable,unavailable,unavailable
yune,track-a-comparison,luna_pinyin,session_create_select_destroy,,51,5,schema_config_load,1335,unavailable,unavailable,unavailable
yune,track-a-comparison,luna_pinyin,session_create_select_destroy,,51,6,filter_install,1408,unavailable,unavailable,unavailable
yune,track-a-comparison,luna_pinyin,session_create_select_destroy,,51,7,userdb_open_or_sync,17,unavailable,unavailable,unavailable
yune,track-a-comparison,luna_pinyin,session_create_select_destroy,,51,8,session_create,23349,unavailable,unavailable,unavailable
yune,track-a-comparison,luna_pinyin,session_create_select_destroy,,51,9,schema_select,111,unavailable,unavailable,unavailable
yune,track-a-comparison,luna_pinyin,session_create_select_destroy,,51,10,session_destroy,245,unavailable,unavailable,unavailable
yune,track-a-comparison,luna_pinyin,session_create_select_destroy,,52,0,schema_config_load,1328,unavailable,unavailable,unavailable
yune,track-a-comparison,luna_pinyin,session_create_select_destroy,,52,1,schema_switch_options,1,unavailable,unavailable,unavailable
yune,track-a-comparison,luna_pinyin,session_create_select_destroy,,52,2,processor_install,14416,unavailable,unavailable,unavailable
yune,track-a-comparison,luna_pinyin,session_create_select_destroy,,52,3,schema_config_load,1314,unavailable,unavailable,unavailable
yune,track-a-comparison,luna_pinyin,session_create_select_destroy,,52,4,translator_install,2838,unavailable,unavailable,unavailable
yune,track-a-comparison,luna_pinyin,session_create_select_destroy,,52,5,schema_config_load,1325,unavailable,unavailable,unavailable
yune,track-a-comparison,luna_pinyin,session_create_select_destroy,,52,6,filter_install,1395,unavailable,unavailable,unavailable
yune,track-a-comparison,luna_pinyin,session_create_select_destroy,,52,7,userdb_open_or_sync,16,unavailable,unavailable,unavailable
yune,track-a-comparison,luna_pinyin,session_create_select_destroy,,52,8,session_create,23378,unavailable,unavailable,unavailable
yune,track-a-comparison,luna_pinyin,session_create_select_destroy,,52,9,schema_select,113,unavailable,unavailable,unavailable
yune,track-a-comparison,luna_pinyin,session_create_select_destroy,,52,10,session_destroy,231,unavailable,unavailable,unavailable
yune,track-a-comparison,luna_pinyin,session_create_select_destroy,,53,0,schema_config_load,1299,unavailable,unavailable,unavailable
yune,track-a-comparison,luna_pinyin,session_create_select_destroy,,53,1,schema_switch_options,1,unavailable,unavailable,unavailable
yune,track-a-comparison,luna_pinyin,session_create_select_destroy,,53,2,processor_install,14524,unavailable,unavailable,unavailable
yune,track-a-comparison,luna_pinyin,session_create_select_destroy,,53,3,schema_config_load,1320,unavailable,unavailable,unavailable
yune,track-a-comparison,luna_pinyin,session_create_select_destroy,,53,4,translator_install,2848,unavailable,unavailable,unavailable
yune,track-a-comparison,luna_pinyin,session_create_select_destroy,,53,5,schema_config_load,1297,unavailable,unavailable,unavailable
yune,track-a-comparison,luna_pinyin,session_create_select_destroy,,53,6,filter_install,1376,unavailable,unavailable,unavailable
yune,track-a-comparison,luna_pinyin,session_create_select_destroy,,53,7,userdb_open_or_sync,16,unavailable,unavailable,unavailable
yune,track-a-comparison,luna_pinyin,session_create_select_destroy,,53,8,session_create,23381,unavailable,unavailable,unavailable
yune,track-a-comparison,luna_pinyin,session_create_select_destroy,,53,9,schema_select,111,unavailable,unavailable,unavailable
yune,track-a-comparison,luna_pinyin,session_create_select_destroy,,53,10,session_destroy,230,unavailable,unavailable,unavailable
yune,track-a-comparison,luna_pinyin,session_create_select_destroy,,54,0,schema_config_load,1308,unavailable,unavailable,unavailable
yune,track-a-comparison,luna_pinyin,session_create_select_destroy,,54,1,schema_switch_options,1,unavailable,unavailable,unavailable
yune,track-a-comparison,luna_pinyin,session_create_select_destroy,,54,2,processor_install,14380,unavailable,unavailable,unavailable
yune,track-a-comparison,luna_pinyin,session_create_select_destroy,,54,3,schema_config_load,1307,unavailable,unavailable,unavailable
yune,track-a-comparison,luna_pinyin,session_create_select_destroy,,54,4,translator_install,2886,unavailable,unavailable,unavailable
yune,track-a-comparison,luna_pinyin,session_create_select_destroy,,54,5,schema_config_load,1314,unavailable,unavailable,unavailable
yune,track-a-comparison,luna_pinyin,session_create_select_destroy,,54,6,filter_install,1384,unavailable,unavailable,unavailable
yune,track-a-comparison,luna_pinyin,session_create_select_destroy,,54,7,userdb_open_or_sync,17,unavailable,unavailable,unavailable
yune,track-a-comparison,luna_pinyin,session_create_select_destroy,,54,8,session_create,23393,unavailable,unavailable,unavailable
yune,track-a-comparison,luna_pinyin,session_create_select_destroy,,54,9,schema_select,109,unavailable,unavailable,unavailable
yune,track-a-comparison,luna_pinyin,session_create_select_destroy,,54,10,session_destroy,237,unavailable,unavailable,unavailable
yune,track-a-comparison,luna_pinyin,session_create_select_destroy,,55,0,schema_config_load,1306,unavailable,unavailable,unavailable
yune,track-a-comparison,luna_pinyin,session_create_select_destroy,,55,1,schema_switch_options,1,unavailable,unavailable,unavailable
yune,track-a-comparison,luna_pinyin,session_create_select_destroy,,55,2,processor_install,14382,unavailable,unavailable,unavailable
yune,track-a-comparison,luna_pinyin,session_create_select_destroy,,55,3,schema_config_load,1317,unavailable,unavailable,unavailable
yune,track-a-comparison,luna_pinyin,session_create_select_destroy,,55,4,translator_install,2843,unavailable,unavailable,unavailable
yune,track-a-comparison,luna_pinyin,session_create_select_destroy,,55,5,schema_config_load,1347,unavailable,unavailable,unavailable
yune,track-a-comparison,luna_pinyin,session_create_select_destroy,,55,6,filter_install,1418,unavailable,unavailable,unavailable
yune,track-a-comparison,luna_pinyin,session_create_select_destroy,,55,7,userdb_open_or_sync,19,unavailable,unavailable,unavailable
yune,track-a-comparison,luna_pinyin,session_create_select_destroy,,55,8,session_create,23259,unavailable,unavailable,unavailable
yune,track-a-comparison,luna_pinyin,session_create_select_destroy,,55,9,schema_select,109,unavailable,unavailable,unavailable
yune,track-a-comparison,luna_pinyin,session_create_select_destroy,,55,10,session_destroy,250,unavailable,unavailable,unavailable
yune,track-a-comparison,luna_pinyin,session_create_select_destroy,,56,0,schema_config_load,1316,unavailable,unavailable,unavailable
yune,track-a-comparison,luna_pinyin,session_create_select_destroy,,56,1,schema_switch_options,1,unavailable,unavailable,unavailable
yune,track-a-comparison,luna_pinyin,session_create_select_destroy,,56,2,processor_install,14366,unavailable,unavailable,unavailable
yune,track-a-comparison,luna_pinyin,session_create_select_destroy,,56,3,schema_config_load,1315,unavailable,unavailable,unavailable
yune,track-a-comparison,luna_pinyin,session_create_select_destroy,,56,4,translator_install,2840,unavailable,unavailable,unavailable
yune,track-a-comparison,luna_pinyin,session_create_select_destroy,,56,5,schema_config_load,1322,unavailable,unavailable,unavailable
yune,track-a-comparison,luna_pinyin,session_create_select_destroy,,56,6,filter_install,1391,unavailable,unavailable,unavailable
yune,track-a-comparison,luna_pinyin,session_create_select_destroy,,56,7,userdb_open_or_sync,17,unavailable,unavailable,unavailable
yune,track-a-comparison,luna_pinyin,session_create_select_destroy,,56,8,session_create,23243,unavailable,unavailable,unavailable
yune,track-a-comparison,luna_pinyin,session_create_select_destroy,,56,9,schema_select,110,unavailable,unavailable,unavailable
yune,track-a-comparison,luna_pinyin,session_create_select_destroy,,56,10,session_destroy,227,unavailable,unavailable,unavailable
yune,track-a-comparison,luna_pinyin,session_create_select_destroy,,57,0,schema_config_load,1321,unavailable,unavailable,unavailable
yune,track-a-comparison,luna_pinyin,session_create_select_destroy,,57,1,schema_switch_options,1,unavailable,unavailable,unavailable
yune,track-a-comparison,luna_pinyin,session_create_select_destroy,,57,2,processor_install,14382,unavailable,unavailable,unavailable
yune,track-a-comparison,luna_pinyin,session_create_select_destroy,,57,3,schema_config_load,1359,unavailable,unavailable,unavailable
yune,track-a-comparison,luna_pinyin,session_create_select_destroy,,57,4,translator_install,2913,unavailable,unavailable,unavailable
yune,track-a-comparison,luna_pinyin,session_create_select_destroy,,57,5,schema_config_load,1405,unavailable,unavailable,unavailable
yune,track-a-comparison,luna_pinyin,session_create_select_destroy,,57,6,filter_install,1476,unavailable,unavailable,unavailable
yune,track-a-comparison,luna_pinyin,session_create_select_destroy,,57,7,userdb_open_or_sync,18,unavailable,unavailable,unavailable
yune,track-a-comparison,luna_pinyin,session_create_select_destroy,,57,8,session_create,23434,unavailable,unavailable,unavailable
yune,track-a-comparison,luna_pinyin,session_create_select_destroy,,57,9,schema_select,110,unavailable,unavailable,unavailable
yune,track-a-comparison,luna_pinyin,session_create_select_destroy,,57,10,session_destroy,228,unavailable,unavailable,unavailable
yune,track-a-comparison,luna_pinyin,session_create_select_destroy,,58,0,schema_config_load,1305,unavailable,unavailable,unavailable
yune,track-a-comparison,luna_pinyin,session_create_select_destroy,,58,1,schema_switch_options,1,unavailable,unavailable,unavailable
yune,track-a-comparison,luna_pinyin,session_create_select_destroy,,58,2,processor_install,14340,unavailable,unavailable,unavailable
yune,track-a-comparison,luna_pinyin,session_create_select_destroy,,58,3,schema_config_load,1311,unavailable,unavailable,unavailable
yune,track-a-comparison,luna_pinyin,session_create_select_destroy,,58,4,translator_install,2838,unavailable,unavailable,unavailable
yune,track-a-comparison,luna_pinyin,session_create_select_destroy,,58,5,schema_config_load,1338,unavailable,unavailable,unavailable
yune,track-a-comparison,luna_pinyin,session_create_select_destroy,,58,6,filter_install,1409,unavailable,unavailable,unavailable
yune,track-a-comparison,luna_pinyin,session_create_select_destroy,,58,7,userdb_open_or_sync,18,unavailable,unavailable,unavailable
yune,track-a-comparison,luna_pinyin,session_create_select_destroy,,58,8,session_create,23228,unavailable,unavailable,unavailable
yune,track-a-comparison,luna_pinyin,session_create_select_destroy,,58,9,schema_select,138,unavailable,unavailable,unavailable
yune,track-a-comparison,luna_pinyin,session_create_select_destroy,,58,10,session_destroy,237,unavailable,unavailable,unavailable
yune,track-a-comparison,luna_pinyin,session_create_select_destroy,,59,0,schema_config_load,1361,unavailable,unavailable,unavailable
yune,track-a-comparison,luna_pinyin,session_create_select_destroy,,59,1,schema_switch_options,1,unavailable,unavailable,unavailable
yune,track-a-comparison,luna_pinyin,session_create_select_destroy,,59,2,processor_install,14389,unavailable,unavailable,unavailable
yune,track-a-comparison,luna_pinyin,session_create_select_destroy,,59,3,schema_config_load,1310,unavailable,unavailable,unavailable
yune,track-a-comparison,luna_pinyin,session_create_select_destroy,,59,4,translator_install,2855,unavailable,unavailable,unavailable
yune,track-a-comparison,luna_pinyin,session_create_select_destroy,,59,5,schema_config_load,1344,unavailable,unavailable,unavailable
yune,track-a-comparison,luna_pinyin,session_create_select_destroy,,59,6,filter_install,1415,unavailable,unavailable,unavailable
yune,track-a-comparison,luna_pinyin,session_create_select_destroy,,59,7,userdb_open_or_sync,16,unavailable,unavailable,unavailable
yune,track-a-comparison,luna_pinyin,session_create_select_destroy,,59,8,session_create,23323,unavailable,unavailable,unavailable
yune,track-a-comparison,luna_pinyin,session_create_select_destroy,,59,9,schema_select,110,unavailable,unavailable,unavailable
yune,track-a-comparison,luna_pinyin,session_create_select_destroy,,59,10,session_destroy,244,unavailable,unavailable,unavailable
